0 0.8271110648918468 0.7795341098169718 0.3457778702163063 0.27121464226289516
0 0.8739080698835275 0.6239600665557404 0.25218386023294515 0.15973377703826963
0 0.4670341098169717 0.8319467554076538 0.07674708818635607 0.23627287853577386
0 0.037905574043261225 0.925124792013311 0.07581114808652245 0.1497504159733772
0 0.28967346089850243 0.16139767054908485 0.04024542429284523 0.086522462562396
0 0.19888727121464225 0.5732113144758736 0.11512063227953412 0.1314475873544093
0 0.13360662698602377 0.10595383926560491 0.05676098532085977 0.07529320445980715
0 0.1410292173741358 0.2464494063503993 0.24974833541178232 0.1342858182633667
0 0.06221877237094244 0.14165989498881246 0.058070854212879615 0.07529320445980718
0 0.13033195475597417 0.4948393592074955 0.06331032978095896 0.15446750193300646
0 0.17814216931469837 0.3869449734351946 0.1440855781221825 0.08460782769194829
0 0.04890177196874072 0.403245564091441 0.0829583631612566 0.13894312987943708
0 0.13600805328806015 0.030272525504458546 0.0930006913334087 0.05899261380356024
0 0.02152662229617304 0.5990016638935108 0.04305324459234608 0.09983361064891859
