0 0.9099417637271213 0.42678868552412635 0.18011647254575686 0.23793677204658903
0 0.5288677324584401 0.5265785087579655 0.2188868312561571 0.1581574583576076
0 0.5508343607715868 0.6870427601018113 0.2026803798918705 0.16564504981157593
0 0.5722598877752675 0.9406580878252332 0.12151217088304063 0.1186838243495303
0 0.8107452372106857 0.9274673763267595 0.18287664971416862 0.1450652473464633
0 0.7019427596647142 0.9058148669786203 0.14637611188875582 0.18837026604274412
0 0.2913650532260734 0.23950224985642785 0.040680161556496196 0.06762416466534432
0 0.0417367891293922 0.09204400190560756 0.05811451650928027 0.07889485877623506
0 0.10143624699801629 0.14651902344157886 0.08030369554009659 0.10143624699801554
0 0.1928345320535209 0.11975112492821392 0.15321099806992072 0.0892263283778849
0 0.11358746408632055 0.053535797026730926 0.0845302058316804 0.05447502153597183
0 0.020604237671472098 0.17657420773728794 0.038038592624256184 0.07138106270230789
0 0.10909679690151254 0.3315462517620354 0.07132236117048035 0.09767934896105288
0 0.19309868894674495 0.321684394415006 0.04596329942097622 0.11740306365511163
0 0.02298164971048811 0.37522019144173696 0.0417367891293922 0.10425392052573919
0 0.07369977320949614 0.46820341785658476 0.12204048466948818 0.17187808519108447
0 0.01690604116633608 0.7945446386035545 0.03381208233267216 0.07091145044768751
0 0.13973899651549668 0.9135913451498376 0.11464409165921655 0.17281730970032455
0 0.24830747963056116 0.5508551746697841 0.3307244303164495 0.15497204402474737
0 0.3198939976942656 0.6720151363618594 0.10196456078446456 0.11740306365511173
