0 0.3864678899082568 0.9444444444444444 0.3027522935779816 0.11111111111111115
0 0.8836009174311924 0.8532110091743113 0.23279816513761437 0.2935779816513757
0 0.6387614678899081 0.41386340468909266 0.15825688073394495 0.10601427115188577
0 0.5378440366972477 0.46788990825688076 0.19724770642201833 0.1529051987767584
0 0.7299311926605505 0.03058103975535168 0.21674311926605505 0.06116207951070336
0 0.31594036697247707 0.4658511722731906 0.17087155963302753 0.1039755351681957
0 0.12844036697247707 0.6330275229357798 0.16055045871559634 0.11620795107033643
0 0.1886467889908257 0.5667686034658512 0.18922018348623854 0.14271151885830774
0 0.029243119266055047 0.6646279306829765 0.05619266055045871 0.11009174311926614
0 0.15080275229357798 0.44342507645259943 0.07224770642201835 0.12028542303771665
0 0.0716743119266055 0.54638124362895 0.08830275229357797 0.15902140672782875
0 0.08486238532110094 0.3292558613659531 0.06880733944954129 0.12028542303771658
0 0.13990825688073394 0.11518858307849132 0.05504587155963304 0.10805300713557592
0 0.18176605504587154 0.17023445463812437 0.035550458715596346 0.10805300713557592
0 0.25229357798165136 0.20591233435270134 0.04816513761467888 0.23649337410805302
0 0.30676605504587157 0.17227319062181443 0.07224770642201836 0.1569826707441386
0 0.4048165137614679 0.218144750254842 0.176605504587156 0.15494393476044852
0 0.21903669724770644 0.3496432212028544 0.1353211009174311 0.0754332313965339
0 0.21559633027522931 0.29867482161060144 0.06422018348623866 0.12028542303771658
0 0.16800458715596334 0.2966360856269113 0.035550458715596346 0.0998980632008155
0 0.05963302752293578 0.1437308868501529 0.06422018348623854 0.12436289500509683
0 0.1261467889908257 0.02752293577981652 0.11467889908256881 0.05504587155963304
0 0.03784403669724771 0.5056065239551478 0.07568807339449542 0.19164118246687054
