0 0.028546173044925117 0.2254575707154742 0.057092346089850234 0.1114808652246256
0 0.2746984193011645 0.11314475873544089 0.3360024958402659 0.22628951747088177
0 0.8666805324459232 0.31697171381031614 0.2190099833610647 0.16139767054908483
0 0.9588186356073212 0.2687188019966722 0.08236272878535772 0.1114808652246256
0 0.8575291181364392 0.6281198003327787 0.2849417637271216 0.13477537437603998
0 0.5971297836938435 0.6697171381031615 0.2601913477537438 0.12479201331114816
0 0.42117304492512475 0.8910149750415974 0.26206322795341097 0.18469217970049912
0 0.19888727121464223 0.7537437603993342 0.3247712146422628 0.30948419301164715
0 0.06832362728785357 0.6064891846921797 0.13664725457570714 0.1647254575707155
0 0.21386231281198 0.4625623960066555 0.3528494176372712 0.242928452579035
0 0.40619800332778694 0.5357737104825291 0.23960066555740434 0.16971713810316139
