0 0.23358050847457626 0.03766478342749529 0.15572033898305085 0.07532956685499058
0 0.07309322033898305 0.1638418079096045 0.13347457627118645 0.15065913370998116
0 0.21822033898305082 0.15254237288135594 0.12499999999999999 0.1016949152542373
0 0.19332627118644066 0.26459510357815447 0.21716101694915252 0.10357815442561208
0 0.17531779661016952 0.46233521657250465 0.3421610169491526 0.1337099811676082
0 0.131885593220339 0.8041431261770245 0.263771186440678 0.19209039548022602
0 0.5227754237288136 0.7542372881355931 0.21716101694915252 0.1261770244821092
0 0.7505296610169492 0.7052730696798494 0.30614406779661024 0.2730696798493408
0 0.9051906779661016 0.7589453860640302 0.1875 0.19209039548022588
0 0.7695974576271183 0.14312617702448208 0.29766949152542443 0.1318267419962335
0 0.040713394342762055 0.2886855241264559 0.07768302828618967 0.08485856905158067
