0 0.1904821993800124 0.9128440366972477 0.08967999509029997 0.1743119266055043
0 0.08027522935779817 0.5433231396534149 0.07339449541284404 0.1039755351681957
0 0.0716743119266055 0.6106014271151886 0.14105504587155965 0.12844036697247715
0 0.09977064220183486 0.44342507645259943 0.041284403669724766 0.09582059123343527
0 0.16399082568807344 0.4291539245667686 0.08486238532110094 0.1529051987767583
0 0.2204140374385436 0.30149406631291614 0.15086591882929437 0.07798900138062816
0 0.12812903389934754 0.23349146145053915 0.14926096224600405 0.09415745288636809
0 0.07409549559523856 0.13743183779878987 0.06687319097043191 0.0884509405902246
0 0.024074348749355483 0.226833863771705 0.048148697498710966 0.08084225752870008
0 0.24369266055045868 0.672782874617737 0.14105504587155968 0.08562691131498475
0 0.42060075256084867 0.63278750222692 0.14687784489505773 0.11240099977252399
0 0.46495105867442 0.47683962595805107 0.05447125373591424 0.18935245346294338
0 0.48451834862385323 0.9046890927624872 0.19380733944954123 0.19062181447502552
0 0.5974770642201834 0.7879714576962283 0.1788990825688073 0.1732925586136595
0 0.6737385321100916 0.718654434250765 0.19839449541284374 0.2874617737003061
0 0.7350917431192662 0.22426095820591235 0.18577981651376135 0.1875637104994903
0 0.8910550458715596 0.5596330275229359 0.21788990825688073 0.21814475025484206
