0 0.17361688851913462 0.09068219633943428 0.26112728785357714 0.18136439267886856
0 0.31728369384359395 0.23211314475873546 0.22649750415973385 0.12146422628951754
0 0.23428266178797844 0.29599116860617447 0.07974683888054684 0.053244747125875416
0 0.3082559738717437 0.44289535043539724 0.1836703212226168 0.08916891386140645
0 0.12401206322795341 0.5557404326123128 0.16004575707154742 0.10316139767054906
0 0.3252391846921798 0.6871880199667221 0.16753327787021635 0.08985024958402646
0 0.5161709650582362 0.5823627287853577 0.16378951747088188 0.09650582362728784
0 0.40900582362728777 0.846089850249584 0.2021630615640599 0.0948419301164725
0 0.6121048252911815 0.7346089850249581 0.22462562396006663 0.08818635607321093
0 0.8275790349417639 0.833610648918469 0.3448419301164724 0.13976705490848595
0 0.8942387687188019 0.6838602329450916 0.21152246256239607 0.18968386023294506
0 0.8317907653910146 0.5690515806988352 0.33641846921797014 0.15973377703826955
