0 0.5077475041597337 0.8876871880199667 0.27048668885191346 0.15806988352745435
0 0.26861480865224624 0.7445923460898501 0.3481697171381032 0.2412645590682196
0 0.1319675540765391 0.5848585690515807 0.2639351081530782 0.2479201331114809
0 0.31915557404326117 0.4217970049916805 0.36688851913477527 0.22129783693843588
0 0.07347129783693843 0.14642262895174707 0.14694259567387685 0.1264559068219634
0 0.41742928452579037 0.08569051580698835 0.3257071547420965 0.1713810316139767
0 0.4618864392678868 0.5066555740432612 0.24802412645590677 0.16139767054908488
0 0.6734089018302828 0.7146422628951749 0.27235856905158073 0.13810316139767054
0 0.9324043261231282 0.3643926788685523 0.13519134775374367 0.12312811980033268
0 0.9066659733777038 0.668885191347754 0.18666805324459212 0.12312811980033239
