0 0.5326834862385321 0.9475025484199796 0.17545871559633028 0.10499490316004084
0 0.6701074903090314 0.887937803506198 0.19189511112505503 0.22208565700391256
0 0.7675845545292138 0.8552863220353144 0.23776667075808056 0.289427355929368
0 0.8387622898957063 0.31444088417962246 0.24449376883243906 0.268162064464404
0 0.49082568807339455 0.5137614678899083 0.16284403669724776 0.163098878695209
0 0.48222477064220187 0.6625891946992865 0.18004587155963306 0.1427115188583079
0 0.18813375283592074 0.90372337662887 0.12856108365349267 0.1925532467422548
0 0.28612385321100914 0.6758409785932722 0.11582568807339452 0.09989806320081548
0 0.14965596330275227 0.5739041794087666 0.2970183486238532 0.15290519877675848
0 0.2527539125918445 0.26677944984470975 0.09121503248366913 0.08788028936061025
0 0.16595251071222386 0.17209889999786174 0.16124463806790545 0.08055693191389272
0 0.09827684145014672 0.08003383495341282 0.07532596230909451 0.09311125896540834
0 0.027658751785370642 0.13548211276427416 0.054140535409661676 0.0910188711234892
0 0.0776798986312537 0.19563826321945374 0.0765029304701741 0.09206506504444886
0 0.10357319817500496 0.39703059300418564 0.04472479012102488 0.1056655860169242
0 0.17566249804113057 0.37819910242691207 0.0664987011009975 0.12240468875227854
0 0.07944535087287312 0.48020300972047747 0.09651138920852734 0.09206506504444889
0 0.015594828134304723 0.4456786103288092 0.031189656268609447 0.09834222857020677
