0 0.6621776206322795 0.6855241264559069 0.24989600665557396 0.0931780366056573
0 0.5344217970049916 0.8569051580698834 0.23960066555740425 0.15640599001663888
0 0.9221089850249582 0.3311148086522462 0.15578202995008322 0.12312811980033288
0 0.9085378535773709 0.6064891846921797 0.1829242928452579 0.12146422628951768
0 0.05990016638935107 0.11314475873544094 0.11980033277870214 0.1497504159733777
0 0.41883319467554075 0.07154742096505824 0.30605241264559063 0.14309484193011648
0 0.3509775374376039 0.3785357737104825 0.32196339434276205 0.2279534109816972
0 0.46563019966722125 0.5049916805324459 0.25925540765391003 0.15474209650582366
0 0.16612936772046585 0.5773710482529116 0.3322587354409317 0.276206322795341
0 0.2980969217970049 0.7129783693843595 0.3397462562396006 0.23128119800332783
