0 0.9053899082568807 0.057084607543323146 0.1892201834862385 0.11416921508664629
0 0.7499999999999997 0.5239551478083588 0.1788990825688071 0.11824668705402655
0 0.6381880733944955 0.5983690112130479 0.2167431192660551 0.1692150866462793
0 0.48738532110091737 0.33231396534148827 0.16055045871559628 0.13047910295616716
0 0.35550458715596334 0.047910295616717634 0.16055045871559634 0.09582059123343527
0 0.1307339449541284 0.08256880733944953 0.11926605504587152 0.10397553516819573
0 0.2620412844036697 0.21100917431192662 0.05619266055045873 0.16513761467889906
0 0.32912844036697253 0.20081549439347604 0.14220183486238533 0.14067278287461774
0 0.1823394495412844 0.23751274209989803 0.03899082568807341 0.12844036697247707
0 0.14392201834862384 0.1834862385321101 0.04931192660550456 0.08970438328236492
0 0.09575688073394495 0.3904179408766565 0.06536697247706423 0.1121304791029562
0 0.0819954128440367 0.29051987767584103 0.0584862385321101 0.09174311926605508
0 0.06594036697247707 0.20998980632008152 0.04701834862385321 0.09785932721712536
0 0.23394495412844038 0.3476044852191641 0.06192660550458715 0.09174311926605508
0 0.22362385321100917 0.4240570846075433 0.1788990825688073 0.08970438328236498
0 0.16972477064220187 0.34760448521916415 0.03669724770642201 0.0958205912334353
0 0.13360091743119265 0.6839959225280325 0.18692660550458712 0.09989806320081548
0 0.22591743119266056 0.636085626911315 0.15825688073394495 0.18348623853211016
0 0.35951834862385323 0.5361875637104996 0.16169724770642205 0.11824668705402651
0 0.028096330275229356 0.7431192660550459 0.05619266055045871 0.12436289500509673
0 0.045298165137614685 0.5545361875637105 0.08600917431192662 0.23241590214067273
0 0.172591743119266 0.518858307849134 0.08142201834862385 0.15290519877675876
0 0.07855504587155963 0.6075433231396535 0.12270642201834861 0.14271151885830796
