0 0.7528669724770641 0.1692150866462793 0.2672018348623853 0.23649337410805302
0 0.7998853211009174 0.363914373088685 0.1915137614678899 0.17329255861365955
0 0.6227064220183487 0.2660550458715597 0.20871559633027525 0.11620795107033648
0 0.11066513761467892 0.09480122324159021 0.09059633027522938 0.13251783893985727
0 0.06077981651376147 0.19979612640163097 0.06192660550458715 0.08562691131498472
0 0.061353211009174305 0.2803261977573902 0.12270642201834861 0.15698267074413857
0 0.11811926605504587 0.1977573904179409 0.06422018348623851 0.06931702344546384
0 0.1857798165137614 0.25790010193679913 0.07339449541284404 0.07543323139653428
0 0.35206422018348627 0.3414882772680938 0.11009174311926603 0.08766564729867482
0 0.1961009174311927 0.34760448521916415 0.3302752293577982 0.1365953109072375
0 0.04529816513761467 0.5127420998980632 0.09059633027522934 0.17329255861365955
0 0.07798165137614678 0.7675840978593272 0.15596330275229356 0.12028542303771655
0 0.13761467889908258 0.6279306829765545 0.14908256880733944 0.16309887869520906
0 0.24942660550458715 0.5107033639143731 0.1364678899082569 0.08766564729867482
0 0.3944954128440367 0.474006116207951 0.1605504587155963 0.09989806320081548
0 0.3744266055045871 0.6636085626911314 0.17545871559633025 0.1488277268093781
0 0.27408256880733944 0.726809378185525 0.16513761467889906 0.15290519877675834
0 0.757454128440367 0.7696228338430173 0.2373853211009173 0.19775739041794083
0 0.9535550458715594 0.7217125382262997 0.09288990825688025 0.17533129459734956
0 0.5636467889908257 0.10703363914373089 0.10894495412844045 0.1039755351681957
