0 0.040711009174311925 0.41386340468909283 0.06077981651376147 0.19979612640163105
0 0.1668577981651377 0.4974515800203871 0.18463302752293584 0.13863404689092754
0 0.282683486238532 0.4026503567787972 0.180045871559633 0.09174311926605502
0 0.46043577981651396 0.3843017329255861 0.198394495412844 0.12028542303771658
0 0.5533256880733944 0.3261977573904179 0.143348623853211 0.08562691131498472
0 0.38474770642201833 0.15188583078491336 0.10665137614678898 0.09989806320081553
0 0.30561926605504586 0.12130479102956165 0.04931192660550462 0.1365953109072375
0 0.24655963302752293 0.12945973496432214 0.06192660550458712 0.14475025484199797
0 0.19896788990825687 0.20998980632008155 0.0974770642201835 0.06931702344546384
0 0.10263761467889906 0.6034658511722728 0.13417431192660553 0.15086646279306784
0 0.1834862385321101 0.09683995922528034 0.03899082568807341 0.13659531090723753
0 0.1444954128440367 0.04485219164118247 0.0756880733944954 0.08970438328236494
0 0.08486238532110091 0.2609582059123343 0.0665137614678899 0.09785932721712537
0 0.05217889908256876 0.09683995922528038 0.09288990825688064 0.1814475025484201
0 0.19667431192660548 0.8623853211009174 0.3864678899082568 0.21610601427115184
0 0.7322247706422018 0.652395514780836 0.3566513761467889 0.2813455657492354
0 0.9168577981651376 0.8399592252803262 0.16399082568807344 0.19164118246687054
0 0.19438073394495411 0.32008154943934763 0.11353211009174309 0.1427115188583079
