0 0.5269495412844036 0.06320081549439348 0.28096330275229364 0.12640163098878696
0 0.5143348623853211 0.0744138634046891 0.15022935779816515 0.1162079510703364
0 0.45871559633027525 0.19469928644240567 0.16972477064220187 0.12028542303771662
0 0.6393348623853211 0.23139653414882771 0.15711009174311927 0.14475025484199797
0 0.835435779816514 0.582059123343527 0.22821100917431217 0.2833843017329257
0 0.5871559633027519 0.6554536187563711 0.17201834862385396 0.1610601427115189
0 0.9753440366972476 0.804281345565749 0.04931192660550463 0.0835881753312945
0 0.3153669724770642 0.6156982670744139 0.1788990825688073 0.13047910295616716
0 0.2385321100917431 0.6778797145769623 0.16972477064220182 0.12844036697247702
0 0.06823394495412843 0.7502548419979612 0.13646788990825687 0.13863404689092762
0 0.1272935779816514 0.617737003058104 0.14678899082568808 0.1427115188583079
0 0.21731651376146793 0.509683995922528 0.16857798165137625 0.1264016309887868
0 0.338302752293578 0.4424057084607543 0.17431192660550457 0.08154943934760446
0 0.28440366972477066 0.33537206931702346 0.16743119266055037 0.09582059123343523
0 0.05791284403669726 0.5158002038735984 0.09518348623853214 0.19979612640163108
0 0.02236238532110091 0.41692150866462796 0.04472477064220182 0.11213047910295622
0 0.12041284403669725 0.3781855249745158 0.04357798165137614 0.09174311926605505
0 0.07740825688073392 0.2874617737003058 0.15481651376146788 0.11416921508664629
0 0.13188073394495414 0.08664627930682975 0.11238532110091742 0.12844036697247707
0 0.1886467889908257 0.23751274209989803 0.05619266055045877 0.08766564729867482
0 0.13933486238532114 0.18450560652395506 0.04931192660550455 0.10397553516819552
0 0.08256880733944953 0.18144750254842 0.07339449541284408 0.09785932721712536
0 0.028096330275229363 0.12945973496432214 0.051605504587155966 0.1162079510703364
0 0.1863532110091743 0.34862385321100864 0.03784403669724769 0.13863404689092748
