0 0.03727064220183486 0.0509683995922528 0.07454128440366972 0.1019367991845056
0 0.1622706422018348 0.04281345565749235 0.04472477064220186 0.0856269113149847
0 0.2545871559633027 0.06422018348623854 0.11009174311926603 0.12844036697247707
0 0.349197247706422 0.04994903160040775 0.06766055045871557 0.0998980632008155
0 0.0625 0.1865443425076453 0.0653669724770642 0.11213047910295616
0 0.12213302752293577 0.15086646279306828 0.06307339449541285 0.11009174311926603
0 0.1875 0.13863404689092762 0.06766055045871561 0.09785932721712537
0 0.1588302752293578 0.2466870540265036 0.10435779816513763 0.13863404689092765
0 0.3125 0.2579001019367992 0.22362385321100917 0.1162079510703364
0 0.41341743119266056 0.19571865443425074 0.15940366972477066 0.11824668705402651
0 0.026949541284403675 0.30988786952089703 0.051605504587155966 0.13863404689092762
0 0.24655963302752276 0.3741080530071354 0.3165137614678898 0.16106014271151847
0 0.05160550458715596 0.4638124362895005 0.08944954128440367 0.165137614678899
0 0.08199541284403669 0.528032619775739 0.12729357798165136 0.1834862385321101
0 0.5842889908256881 0.4964322120285424 0.1915137614678899 0.11213047910295615
0 0.9254587155963303 0.3934760448521917 0.14908256880733944 0.19164118246687054
0 0.919151376146789 0.20489296636085627 0.16169724770642205 0.1732925586136595
0 0.8841743119266056 0.8766564729867483 0.231651376146789 0.23649337410805302
