0 0.8887614678899083 0.6442405708460754 0.22247706422018354 0.27319062181447507
0 0.6192660550458716 0.6809378185524975 0.19954128440366986 0.15902140672782877
0 0.6788990825688075 0.2640163098878695 0.1536697247706423 0.1569826707441386
0 0.5877293577981653 0.08154943934760447 0.2626146788990827 0.16309887869520895
0 0.5223623853211009 0.08970438328236494 0.143348623853211 0.09785932721712537
0 0.4925458715596331 0.2130479102956167 0.1777522935779816 0.11213047910295615
0 0.07110091743119266 0.7675840978593271 0.14220183486238533 0.12844036697247715
0 0.25344036697247707 0.6819571865443425 0.17201834862385326 0.15290519877675834
0 0.12614678899082563 0.6197757390417941 0.15596330275229348 0.14271151885830777
0 0.3245412844036697 0.6381243628950051 0.19495412844036702 0.13455657492354753
0 0.22821100917431192 0.49745158002038736 0.1834862385321101 0.0856269113149849
0 0.3526376146788991 0.44240570846075433 0.17316513761467886 0.09785932721712541
0 0.2889908256880734 0.3374108053007136 0.176605504587156 0.08766564729867482
0 0.060206422018348624 0.5229357798165138 0.10894495412844037 0.18144750254842001
0 0.020068807339449542 0.42099898063200814 0.040137614678899085 0.11213047910295622
0 0.09461009174311927 0.2966360856269113 0.18922018348623854 0.15698267074413863
0 0.12786697247706422 0.0856269113149847 0.11123853211009176 0.13047910295616716
0 0.19036697247706422 0.24159021406727832 0.048165137614678916 0.08766564729867486
0 0.14621559633027525 0.17838939857288483 0.03555045871559629 0.07951070336391429
0 0.026376146788990827 0.11722731906218144 0.052752293577981654 0.0835881753312946
0 0.07626146788990826 0.19571865443425074 0.08142201834862385 0.07339449541284405
