0 0.07838983050847459 0.7674199623352166 0.15677966101694918 0.17514124293785316
0 0.12288135593220342 0.41713747645951055 0.24576271186440685 0.14500941619585717
0 0.04661016949152543 0.2184557438794727 0.09322033898305086 0.1092278719397364
0 0.19862288135593217 0.10075329566854992 0.15572033898305082 0.11487758945386066
0 0.05508474576271187 0.07721280602636535 0.11016949152542374 0.1544256120527307
0 0.1811440677966102 0.21939736346516006 0.15042372881355934 0.11864406779661021
0 0.6694915254237288 0.09792843691148775 0.2648305084745764 0.14689265536723164
0 0.9555084745762713 0.2796610169491525 0.08898305084745757 0.09604519774011294
0 0.8384533898305073 0.7109227871939736 0.3230932203389825 0.22410546139359672
0 0.6154661016949153 0.5856873822975518 0.27542372881355937 0.21468926553672318
0 0.4782838983050847 0.7128060263653484 0.20444915254237295 0.12241054613935973
