0 0.9263207154742097 0.33277870216306155 0.14735856905158087 0.12312811980033278
0 0.9164933444259568 0.5890183028286189 0.16701331114808654 0.11647254575707158
0 0.6687292013311148 0.6880199667221298 0.26112728785357747 0.10482529118136434
0 0.5517366888519134 0.8510815307820299 0.24989600665557404 0.1680532445923461
0 0.3168157237936772 0.6788685524126455 0.3247712146422629 0.2695507487520799
0 0.4670341098169717 0.4850249584026622 0.24334442595673877 0.17138103161397672
0 0.3912229617304492 0.3635607321131447 0.32196339434276205 0.18801996672212978
0 0.4581426788685523 0.07071547420965059 0.30605241264559063 0.14143094841930118
0 0.07159941763727118 0.11397670549084861 0.14319883527454236 0.1381031613976706
0 0.17408485856905156 0.5366056572379366 0.34816971713810313 0.2911813643926788
