0 0.029014143094841925 0.281198003327787 0.05802828618968385 0.0931780366056572
0 0.24474833610648916 0.16722129783693845 0.36408069883527444 0.2479201331114809
0 0.8072483361064892 0.3427620632279534 0.20309900166389355 0.15640599001663896
0 0.9293365224625625 0.27953410981697174 0.14132695507487522 0.17637271214642264
0 0.8383423460898501 0.6447587354409318 0.3233153078202996 0.1514143094841929
0 0.982945091514143 0.4650582362728785 0.03410981697171394 0.08153078202995005
0 0.5704554908485856 0.6996672212978371 0.24615224625623952 0.11813643926788686
0 0.39169093178036607 0.5632279534109818 0.22743344425956738 0.1780366056572379
0 0.1843801996672213 0.5124792013311145 0.34629783693843597 0.24292845257903456
0 0.05054076539101494 0.646422628951747 0.10108153078202985 0.1181364392678868
0 0.18484816971713808 0.7986688851913477 0.317283693843594 0.29617304492512486
0 0.39449875207986684 0.9143094841930116 0.2555116472545757 0.17138103161397666
