0 0.7244176372712146 0.5632279534109818 0.23960066555740434 0.14808652246256238
0 0.8283069883527453 0.7778702163061564 0.23211314475873535 0.151414309484193
0 0.5826227121464226 0.653910149750416 0.2910773710482528 0.24292845257903495
0 0.4150894342762063 0.7287853577371046 0.12260815307820294 0.15640599001663888
0 0.028546173044925117 0.8477537437603994 0.057092346089850234 0.16472545757071544
0 0.257607548763902 0.1277232428043589 0.09446933221234008 0.06915402096589598
0 0.26574461309311526 0.22263360831367507 0.16234435661700408 0.11925540350241189
0 0.2208915267906186 0.3097817877962075 0.04882238597528499 0.13125150918016992
0 0.12384214979096676 0.05362964891232749 0.09764477195056996 0.10302537817368178
0 0.07501976381568162 0.09526319214689749 0.04921931594256361 0.08891231267043759
0 0.11292657569080143 0.1615946000121447 0.10756802113253844 0.10584799127433059
0 0.03135746741502039 0.20922619608559345 0.0619210748954833 0.0769162069926802
0 0.15341343235323254 0.33589095897720883 0.13376539897293485 0.09314623232141081
0 0.04921931594256367 0.3761131956614541 0.0468377361388912 0.12701758952919637
0 0.11788820028178566 0.4682009480701223 0.08017985339030538 0.17994158516636205
0 0.14448250808946123 0.5504095546265191 0.1579781269769384 0.11713844367692587
0 0.011709434034722821 0.553584994364749 0.02341886806944564 0.07409359389203132
