0 0.17660550458715588 0.5239551478083584 0.18119266055045863 0.12640163098878696
0 0.10607798165137615 0.6177370030581041 0.12041284403669725 0.13863404689092768
0 0.023509174311926607 0.617737003058104 0.047018348623853214 0.126401630988787
0 0.03555045871559633 0.4525993883792049 0.07110091743119266 0.2283384301732925
0 0.08199541284403669 0.5249745158002039 0.08830275229357797 0.14067278287461776
0 0.1444954128440367 0.4128440366972477 0.06880733944954126 0.09989806320081548
0 0.21731651376146793 0.33537206931702346 0.10435779816513761 0.12028542303771665
0 0.3033256880733945 0.42813455657492355 0.18233944954128442 0.08562691131498468
0 0.08658256880733946 0.2844036697247706 0.07454128440366974 0.11620795107033637
0 0.05733944954128441 0.1253822629969419 0.08944954128440367 0.1651376146788991
0 0.1444954128440367 0.07135575942915393 0.061926605504587166 0.11009174311926605
0 0.18119266055045874 0.11518858307849132 0.032110091743119254 0.14475025484199797
0 0.2001146788990826 0.25484199796126406 0.07912844036697247 0.10601427115188582
0 0.2511467889908257 0.16717635066258918 0.05504587155963307 0.1834862385321101
0 0.30791284403669716 0.16106014271151875 0.05160550458715598 0.18348623853211005
0 0.3801605504587156 0.1834862385321101 0.16169724770642205 0.13455657492354736
0 0.30905963302752293 0.8878695208970439 0.33371559633027525 0.17737003058103964
0 0.5011467889908257 0.43017329255861364 0.19495412844036694 0.13863404689092762
0 0.5928899082568807 0.3710499490316004 0.14908256880733944 0.11824668705402644
0 0.8319954128440368 0.7686034658511719 0.33600917431192634 0.33435270132517814
