0 0.8577981651376146 0.8685015290519877 0.28440366972477066 0.2528032619775739
0 0.5819954128440367 0.8348623853211009 0.20986238532110085 0.18552497451580025
0 0.8434633027522935 0.22629969418960233 0.3107798165137614 0.13863404689092745
0 0.7821100917431193 0.05402650356778798 0.25 0.10805300713557596
0 0.22534403669724778 0.8613659531090723 0.37270642201834875 0.2140672782874616
0 0.2935779816513761 0.5504587155963301 0.31651376146788984 0.17125382262996935
0 0.34747706422018354 0.03160040774719673 0.13761467889908252 0.06320081549439346
0 0.22706422018348627 0.06931702344546381 0.22706422018348627 0.13863404689092762
0 0.2138761467889908 0.20897043832823634 0.11811926605504594 0.1529051987767583
0 0.22477064220183485 0.33537206931702346 0.24082568807339452 0.14475025484199794
0 0.05217889908256881 0.346585117227319 0.08371559633027523 0.1467889908256881
0 0.10206422018348622 0.23343527013251783 0.09633027522935776 0.1692150866462793
0 0.020642201834862386 0.12945973496432214 0.03669724770642202 0.11213047910295616
