0 0.6867609219899475 0.20296162066617132 0.18478400128949757 0.15483670030202762
0 0.8416977823347935 0.5377436753732581 0.3166044353304129 0.21342355987576775
0 0.6310204815015442 0.6679948185327325 0.17772219232301903 0.2605022863189513
0 0.44174625546249513 0.4527322992611695 0.059554588950626916 0.1933366365933419
0 0.3873703264206182 0.6305329561282614 0.14629714242219458 0.10472401148806057
0 0.5650630945396089 0.7899205999864631 0.17542710440891868 0.13119271768834023
0 0.44212808970955236 0.9010300550772175 0.20067307146407218 0.1634154904538967
0 0.1796347655847742 0.9090857482686068 0.11069385554953655 0.18182850346278642
0 0.227537369740714 0.6748952390617898 0.15082846984235102 0.10702563811417179
0 0.0735605100674751 0.14960573069722938 0.0659102170204577 0.08788028936061026
0 0.21067730083324854 0.31647366109029273 0.15889070174574613 0.08264931975581181
0 0.12211044671200827 0.23277814741352107 0.13947072708793198 0.07846454407197391
0 0.16389281643033451 0.44201693160545047 0.07826838271179348 0.13705140364571355
0 0.0932747267655584 0.4556174525779256 0.05708295581236066 0.10357319817500507
0 0.03560328687265795 0.6193468012081104 0.0712065737453159 0.09415745288636827
0 0.07826838271179345 0.5565751659505304 0.09180351656420899 0.1046193920959623
0 0.01530058609403482 0.5162966999935853 0.03060117218806964 0.09311125896540844
0 0.02236238532110092 0.22426095820591233 0.04472477064220184 0.07747196738022424
