0 0.04071339434276206 0.9267886855241264 0.08142678868552412 0.1464226289517471
0 0.4745216306156405 0.8885191347753744 0.05615640599001658 0.22296173044925127
0 0.8659525790349418 0.8211314475873541 0.26809484193011657 0.28119800332778694
0 0.8959026622296173 0.653910149750416 0.20819467554076554 0.16971713810316139
0 0.28552958731212447 0.1592412463394787 0.045627099738691064 0.08453020583168042
0 0.12895659241935323 0.02774981504575367 0.12055160036222605 0.05549963009150734
0 0.11526846249774585 0.23950224985642776 0.22765521343304804 0.1391759954602414
0 0.055232804946836626 0.1370413943028758 0.06051594281131665 0.09136092953525055
0 0.13856229762749883 0.10673005786828334 0.04946938182194934 0.08538404629462666
0 0.20820366038655372 0.5400540928135138 0.11863045932059688 0.08965324860935801
0 0.12199245614344786 0.4952274685088348 0.06051594281131665 0.1690604116633609
0 0.17770554635069175 0.3914858522608634 0.1575335654135862 0.08965324860935801
0 0.04394610132726567 0.39703581527001414 0.08404992057127313 0.1485682405526505
0 0.019931838306901914 0.5900037598958703 0.03986367661380383 0.07343027981337891
0 0.20268037989187007 0.3031133643459247 0.06916107749864761 0.07684564166516396
