0 0.8606651376146789 0.0417940876656473 0.25114678899082576 0.0835881753312946
0 0.9598623853211007 0.9434250764525993 0.08027522935779752 0.11314984709480118
0 0.5905963302752294 0.5392456676860347 0.20871559633027517 0.17329255861365958
0 0.6978211009174312 0.4770642201834862 0.16857798165137608 0.10193679918450563
0 0.44724770642201833 0.28338430173292556 0.1674311926605504 0.13047910295616716
0 0.34059633027522934 0.5056065239551478 0.15366972477064222 0.11009174311926608
0 0.13016055045871558 0.6748216106014272 0.1731651376146789 0.12232415902140673
0 0.205275229357798 0.6156982670744136 0.17660550458715563 0.15902140672782916
0 0.02752293577981652 0.7176350662589195 0.05504587155963304 0.126401630988787
0 0.15825688073394495 0.491335372069317 0.06422018348623854 0.13047910295616716
0 0.07224770642201836 0.5891946992864424 0.11467889908256883 0.13047910295616716
0 0.3514908256880734 0.03669724770642202 0.10665137614678898 0.07339449541284404
0 0.12672018348623854 0.05504587155963304 0.11123853211009173 0.10193679918450561
0 0.31880733944954126 0.17023445463812437 0.11009174311926608 0.12028542303771658
0 0.24713302752293578 0.20998980632008155 0.04243119266055047 0.16309887869520892
0 0.14277522935779818 0.15698267074413863 0.05848623853211011 0.09785932721712536
0 0.1817660550458716 0.199796126401631 0.042431192660550426 0.12232415902140675
0 0.0739678899082569 0.17940876656472987 0.05389908256880735 0.10601427115188584
0 0.08371559633027523 0.25688073394495414 0.05733944954128439 0.12232415902140673
0 0.09288990825688073 0.3710499490316004 0.06880733944954126 0.1019367991845057
0 0.21559633027522934 0.4057084607543323 0.1559633027522936 0.12232415902140673
0 0.2282110091743119 0.3312945973496432 0.05504587155963292 0.09989806320081557
