0 0.3354357798165138 0.046890927624872576 0.17316513761467894 0.09378185524974515
0 0.22362385321100917 0.10091743119266054 0.2408256880733945 0.14475025484199794
0 0.2121559633027523 0.24872579001019368 0.11009174311926603 0.13863404689092762
0 0.11181192660550458 0.26605504587155965 0.06766055045871557 0.15698267074413863
0 0.03153669724770642 0.15698267074413863 0.06307339449541284 0.09785932721712536
0 0.053899082568807356 0.37716615698267064 0.10779816513761471 0.11824668705402655
0 0.2586009174311926 0.3679918450560655 0.209862385321101 0.14475025484199808
0 0.36009174311926606 0.5657492354740061 0.2775229357798165 0.12028542303771665
0 0.3543577981651376 0.8929663608562691 0.2958715596330275 0.1834862385321101
0 0.5969036697247706 0.8766564729867483 0.21903669724770652 0.1671763506625892
0 0.8824541284403671 0.8924566768603467 0.23279816513761475 0.21508664627930685
0 0.8623853211009174 0.26605504587155965 0.2752293577981652 0.12844036697247704
0 0.8044724770642202 0.08358817533129459 0.24885321100917437 0.15086646279306828
0 0.03841743119266054 0.04485219164118247 0.07683486238532108 0.08970438328236494
0 0.02981651376146789 0.2854230377166157 0.05963302752293578 0.08562691131498472
