0 0.09461009174311927 0.8470948012232415 0.18922018348623854 0.14475025484199805
0 0.34977064220183485 0.8297655453618756 0.17201834862385326 0.126401630988787
0 0.46903669724770636 0.7370030581039754 0.18119266055045863 0.08358817533129453
0 0.9340596330275229 0.8603465851172274 0.1318807339449542 0.1712538226299695
0 0.8778669724770641 0.4108053007135571 0.24426605504587118 0.21814475025484165
0 0.9283256880733946 0.29459734964322115 0.14334862385321107 0.15290519877675834
0 0.6341743119266054 0.14984709480122324 0.10321100917431203 0.1162079510703364
0 0.5280963302752294 0.4332313965341488 0.26261467889908263 0.1121304791029562
0 0.5028669724770642 0.5514780835881753 0.1731651376146789 0.14067278287461768
0 0.3291284403669724 0.5688073394495412 0.10321100917431192 0.14271151885830777
0 0.3790137614678899 0.38124362895005093 0.15481651376146785 0.06931702344546388
0 0.18061926605504589 0.6636085626911316 0.15481651376146788 0.11213047910295622
0 0.16915137614678905 0.4291539245667687 0.05160550458715598 0.14067278287461765
0 0.05963302752293579 0.5606523955147807 0.10091743119266056 0.15086646279306834
0 0.10493119266055047 0.4332313965341488 0.04701834862385322 0.0835881753312946
0 0.1823394495412844 0.3017329255861366 0.13302752293577982 0.07747196738022427
0 0.11983944954128439 0.2375127420998981 0.03555045871559633 0.10397553516819574
0 0.07568807339449542 0.12640163098878696 0.06192660550458716 0.0978593272171254
0 0.06938073394495413 0.25790010193679913 0.05389908256880735 0.09989806320081557
0 0.01834862385321101 0.2069317023445464 0.03669724770642202 0.07543323139653417
