0 0.13203274180555769 0.21971679220970308 0.15856089645515198 0.0947152433074049
0 0.07759500836569125 0.12419131443397752 0.07472111916696193 0.09117843338190756
0 0.026749276388172764 0.20200739119957098 0.050845731977518474 0.09275047533676802
0 0.22858472549893105 0.2920067931153331 0.1388309551386154 0.09825262217877978
0 0.16027458992913435 0.42563035927847354 0.08886949676070621 0.13912571300515197
0 0.10147039555513473 0.4354556214963515 0.041118722381819295 0.09746660120134941
0 0.08665881276168368 0.5128786877732299 0.09019590716011976 0.09039241240447744
0 0.09085911235982652 0.6182054987488822 0.17906540392082598 0.17056655210236188
0 0.015916924792962306 0.4885120374728926 0.03183384958592461 0.08724832849475639
0 0.25511293348720143 0.669296862281847 0.13794668153900666 0.09825262217877963
0 0.19777625857761458 0.9025261123841886 0.08381013729823618 0.19494777523161994
0 0.5056022768786157 0.9025261123841894 0.19503480548842034 0.18659287057883675
0 0.42884159038116515 0.6470052784198872 0.16997009153006915 0.09886637172460752
0 0.4765028874256767 0.49340680446870777 0.08480987705340993 0.16935179240996873
0 0.6164744725287602 0.8062156815432657 0.17835110525989276 0.1669991540799786
0 0.6934729707098242 0.7580866689345745 0.22467083288952222 0.3009041011659845
0 0.760894495412844 0.24362895005096838 0.19839449541284396 0.19775739041794083
0 0.9202981651376149 0.5769622833843018 0.15940366972477055 0.1712538226299695
