0 0.07815099833610646 0.13727121464226288 0.15630199667221292 0.14143094841930115
0 0.44082778702163056 0.07820299500831947 0.30324459234608986 0.15640599001663893
0 0.9483153078202995 0.3635607321131447 0.10336938435940113 0.13144758735440928
0 0.9267886855241264 0.6638935108153079 0.14642262895174724 0.12312811980033281
0 0.5465890183028286 0.9068219633943428 0.271422628951747 0.12312811980033288
0 0.6925956738768718 0.7171381031613976 0.26580698835274547 0.11647254575707151
0 0.31073211314475874 0.742928452579035 0.35565723793677206 0.2246256239600666
0 0.16238560732113144 0.5823627287853577 0.3247712146422629 0.2628951747088186
0 0.36454866888519133 0.3976705490848586 0.3378743760399335 0.2229617304492512
0 0.48528494176372705 0.5149750415973378 0.25925540765391014 0.16139767054908488
