0 0.7759394815984697 0.5773225213401925 0.2652927678648646 0.13864832205414068
0 0.6592745897060895 0.685854609505524 0.33369355379628735 0.20569955976884807
0 0.8996362299884728 0.7887043893899479 0.20072754002305415 0.15455878524068153
0 0.4364925906677635 0.7551787705325944 0.11187044428036451 0.1875161732699445
0 0.12039115536470862 0.06560825905433712 0.09972455376259244 0.1288837800089645
0 0.07298918819795004 0.1274258186966459 0.05084640076711126 0.08106264896491432
0 0.11415837075454657 0.18137038725243404 0.1003806363531358 0.09564226208810017
0 0.2762107706187588 0.15075319969374354 0.07020083718814063 0.07406443466578502
0 0.23635375324324953 0.23210744092112182 0.18599941441904605 0.10963869068635908
0 0.219131585241486 0.3201683041851652 0.05248660724346966 0.12013601213505293
0 0.15270322294896954 0.3557425602057392 0.15188311971079035 0.08047946443998702
0 0.05576702019618654 0.3857765632395022 0.06035959832999019 0.12188556570983514
0 0.03247608823189688 0.2388140629577871 0.06495217646379375 0.08106264896491432
0 0.16303652375002778 0.5680217272793278 0.15286724359660547 0.12130238118490766
0 0.13351280717557604 0.4785029027029655 0.06298392869216363 0.15920937530519155
0 0.017222168001763495 0.5779358642030943 0.03444433600352699 0.07931309539013214
0 0.032289933444259566 0.9026622296173045 0.06457986688851913 0.19467554076539087
