0 0.698394495412844 0.7054026503567787 0.3256880733944954 0.18348623853210996
0 0.43750000000000017 0.42609582059123347 0.200688073394495 0.09378185524974522
0 0.9455275229357798 0.4536187563710499 0.10894495412844037 0.11213047910295615
0 0.8893348623853211 0.28440366972477066 0.22133027522935778 0.18144750254842
0 0.8583715596330276 0.0876656472986748 0.2832568807339449 0.16309887869520895
0 0.38474770642201844 0.14576962283384298 0.14793577981651382 0.09989806320081546
0 0.25344036697247707 0.20285423037716616 0.25 0.1406727828746177
0 0.11467889908256883 0.09174311926605505 0.07339449541284404 0.10601427115188584
0 0.04529816513761467 0.14882772680937822 0.07224770642201835 0.12232415902140678
0 0.16972477064220187 0.07033639143730887 0.07339449541284404 0.12844036697247707
0 0.11410550458715597 0.28950050968399593 0.2236238532110092 0.15494393476044852
0 0.06651376146788991 0.47502548419979634 0.13302752293577982 0.12640163098878696
0 0.2477064220183486 0.3221202854230377 0.059633027522935755 0.1467889908256881
