0 0.7751689994576568 0.8914373088685017 0.1972477064220181 0.21712538226299669
0 0.8813073394495413 0.38328236493374107 0.23738532110091753 0.26095820591233443
0 0.5432837396111061 0.9454638124362889 0.14049674096127357 0.10907237512742089
0 0.6771034511569336 0.8949916838754006 0.1641417215393423 0.21001663224919315
0 0.5172018348623854 0.6707441386340471 0.18119266055045868 0.15494393476044807
0 0.5000768179352967 0.5122007101702993 0.20198849825591783 0.16323544391351752
0 0.156654462239695 0.9073016018232071 0.14882173912771027 0.1853967963535858
0 0.2913772997658327 0.6732660666034892 0.11905739130216826 0.11000624459498588
0 0.17545299770845788 0.5510755860565267 0.35090599541691575 0.13994465293412844
0 0.10378358123379794 0.05430688024309428 0.08224359267583989 0.09747388761581025
0 0.27101221967467237 0.2513433816379107 0.06579487414067184 0.09329643528941838
0 0.07950213958664522 0.4699633867190851 0.10260867276700023 0.1267160539005535
0 0.10456685354499634 0.3655270785592872 0.05717887871748886 0.11557618103017468
0 0.1868104462208361 0.34742478514492203 0.050912700227900495 0.1406408949885256
0 0.033680709381534425 0.11348745486697907 0.06579487414067191 0.08772649885422922
0 0.08498504576503445 0.16709809305567458 0.07754395880864887 0.09190395118062127
0 0.18798535468763405 0.14412210526051944 0.13785592677093164 0.07937159420144548
0 0.019190171624362637 0.4135677803127949 0.038380343248725274 0.11975363335656689
