0 0.12442660550458715 0.09989806320081548 0.10665137614678898 0.14678899082568805
0 0.1393348623853211 0.20081549439347599 0.04472477064220184 0.09582059123343523
0 0.0728211009174312 0.19775739041794083 0.07224770642201836 0.08154943934760452
0 0.07511467889908258 0.29051987767584087 0.14793577981651376 0.12436289500509672
0 0.1915137614678899 0.24872579001019368 0.05733944954128443 0.0815494393476045
0 0.017775229357798166 0.44342507645259943 0.03555045871559633 0.13251783893985725
0 0.056192660550458726 0.506625891946993 0.10550458715596331 0.18144750254842001
0 0.07454128440366972 0.7512742099898062 0.14908256880733944 0.1039755351681957
0 0.13474770642201836 0.6228338430173292 0.1548165137614679 0.15290519877675848
0 0.27121559633027525 0.709480122324159 0.16169724770642205 0.1549439347604485
0 0.1702981651376147 0.33333333333333326 0.3038990825688074 0.14067278287461774
0 0.3371559633027523 0.33537206931702346 0.1284403669724771 0.0835881753312946
0 0.39048165137614677 0.4597349643221203 0.15481651376146793 0.10397553516819585
0 0.24369266055045868 0.5035677879714576 0.16857798165137614 0.06523955147808358
0 0.36238532110091737 0.6585117227319063 0.17201834862385323 0.13455657492354745
0 0.7167431192660549 0.745158002038736 0.22477064220183493 0.17737003058103964
0 0.7069954128440367 0.13149847094801223 0.2649082568807339 0.23037716615698264
0 0.5590596330275229 0.09480122324159022 0.11811926605504589 0.10805300713557596
0 0.5934633027522936 0.2477064220183486 0.1892201834862386 0.11213047910295618
0 0.7672018348623852 0.32925586136595314 0.18119266055045868 0.1692150866462793
0 0.9231651376146788 0.7043832823649341 0.15366972477064214 0.2262996941896027
0 0.02752293577981652 0.13557594291539246 0.052752293577981654 0.0835881753312946
