0 0.9375519966722123 0.4342762063227953 0.12489600665557335 0.17970049916805317
0 0.8240952579034942 0.9434276206322795 0.11324875207986693 0.11314475873544097
0 0.7117824459234608 0.9234608985024958 0.11324875207986693 0.15307820299500832
0 0.5854305324459235 0.9509151414309485 0.08517054908485854 0.09816971713810319
0 0.12775582362728785 0.9267886855241264 0.07019550748752079 0.1464226289517471
0 0.017314891846921796 0.7936772046589019 0.03462978369384359 0.08319467554076539
0 0.584026622296173 0.7079866888519135 0.2227537437603994 0.16805324459234622
0 0.5639039101497504 0.5249584026622296 0.22556156405990016 0.15141430948419304
0 0.33132279534109815 0.6555740432612314 0.1254159733777038 0.13976705490848587
0 0.3154118136439268 0.5565723793677205 0.3013727121464226 0.16472545757071544
0 0.08622717665775445 0.5490443573297639 0.1433195227476046 0.09078947409326771
0 0.2929499945854174 0.23762380083794604 0.05969945786862421 0.07701640975775327
0 0.20921225943340901 0.11411577787276857 0.15215437049702474 0.08922632837788487
0 0.20181586642313698 0.3000822307024655 0.03698196505136018 0.09486167543333032
0 0.07475640078239236 0.4527062134541106 0.13155013282555264 0.17093886068184255
0 0.024566591069832115 0.36535833409470764 0.04913318213966423 0.114585390127389
0 0.12917272078653663 0.3155794351049402 0.060756085441520294 0.0770164097577533
0 0.12019138641692058 0.04273471517046065 0.08928502990971243 0.08171253230395774
0 0.10909679690151229 0.13290026805758628 0.08400189204523195 0.09298322641484855
0 0.021660865244368104 0.1685907994087404 0.04332173048873621 0.07795563426699419
0 0.04939733903288824 0.08077330779471684 0.060756085441520294 0.07701640975775326
