0 0.05447247706422018 0.07135575942915393 0.08371559633027523 0.14271151885830785
0 0.12442660550458715 0.030581039755351678 0.044724770642201844 0.061162079510703356
0 0.17488532110091742 0.06014271151885831 0.05160550458715598 0.12028542303771662
0 0.2408256880733945 0.109072375127421 0.05504587155963304 0.18144750254842
0 0.29644495412844035 0.1039755351681957 0.040137614678899106 0.19979612640163097
0 0.3646788990825688 0.08562691131498472 0.09174311926605501 0.11009174311926605
0 0.02981651376146788 0.3516819571865443 0.05963302752293576 0.14882772680937806
0 0.07912844036697249 0.21712538226299694 0.061926605504587166 0.1162079510703364
0 0.15194954128440366 0.18654434250764523 0.04243119266055045 0.10397553516819574
0 0.20814220183486237 0.18042813455657492 0.05389908256880737 0.09989806320081547
0 0.1875 0.2874617737003058 0.10206422018348624 0.1467889908256881
0 0.047018348623853214 0.47298674821610603 0.08944954128440367 0.14271151885830782
0 0.07683486238532108 0.54638124362895 0.15366972477064217 0.13047910295616705
0 0.15825688073394495 0.43934760448521915 0.1857798165137615 0.12436289500509673
0 0.09977064220183479 0.781855249745158 0.19954128440366958 0.15290519877675865
0 0.2654816513761466 0.35575942915392433 0.16628440366972475 0.09174311926605545
0 0.47591743119266056 0.24974515800203875 0.15366972477064217 0.09989806320081548
0 0.3830275229357798 0.3119266055045872 0.20871559633027517 0.11824668705402651
0 0.478211009174312 0.46279306829765543 0.2958715596330274 0.17533129459734964
0 0.75401376146789 0.6269113149847095 0.2167431192660551 0.18144750254842001
0 0.9799311926605497 0.49949031600407745 0.040137614678899064 0.0815494393476045
