0 0.1740848585690515 0.105657237936772 0.2321131447587354 0.16472545757071536
0 0.32196339434276205 0.21713810316139764 0.2002911813643927 0.12146422628951743
0 0.3163477537437602 0.42678868552412647 0.1478785357737104 0.09816971713810335
0 0.15302620632279532 0.5307820299500832 0.13945507487520795 0.08985024958402661
0 0.35331738768718796 0.6638935108153078 0.15443011647254573 0.07321131447587355
0 0.5259983361064892 0.5715474209650582 0.1591098169717138 0.07820299500831951
0 0.4146214642262894 0.8194675540765393 0.18905990016638935 0.0881863560732111
0 0.8152038269550748 0.8327787021630616 0.3294509151414309 0.12479201331114809
0 0.6130407653910149 0.7287853577371046 0.21152246256239593 0.08985024958402661
0 0.814735856905158 0.5723793677204658 0.350977537437604 0.13976705490848582
0 0.8748440099833613 0.7121464226289516 0.2503119800332779 0.18635607321131456
