0 0.04726497504159733 0.15058236272878534 0.09452995008319466 0.1314475873544093
0 0.3406821963394343 0.08901830282861897 0.33881031613976703 0.17803660565723795
0 0.90573003327787 0.31863560732113144 0.18853993344425973 0.1480865224625624
0 0.6298876871880199 0.6622296173044926 0.2564475873544093 0.12645590682196342
0 0.8809276206322795 0.6372712146422629 0.2381447587354411 0.12645590682196342
0 0.4600145590682196 0.8618968386023295 0.2629991680532445 0.17304492512479214
0 0.2250935940099833 0.7404326123128121 0.343490016638935 0.28618968386023297
0 0.09640183028286187 0.5806988352745424 0.19280366056572373 0.1896838602329449
0 0.432404326123128 0.5091514143094842 0.25644758735440926 0.16638935108153086
0 0.2620632279534109 0.4184692179700499 0.36314475873544083 0.2279534109816971
