0 0.40619800332778694 0.8976705490848584 0.2508319467554076 0.17470881863560733
0 0.21713810316139764 0.7778702163061564 0.29014143094841927 0.24459234608985028
0 0.05990016638935107 0.6638935108153079 0.11980033277870214 0.1497504159733777
0 0.21386231281197998 0.502495840266223 0.32102745424292833 0.21297836938435943
0 0.2639351081530782 0.17803660565723795 0.34442595673876863 0.2329450915141431
0 0.06457986688851912 0.29450915141430944 0.12915973377703824 0.12312811980033281
0 0.4174292845257903 0.5524126455906821 0.21152246256239596 0.15973377703826955
0 0.8240952579034942 0.37271214642262895 0.22181780366056572 0.16306156405990013
0 0.9368240432612314 0.32529118136439267 0.12635191347753733 0.17803660565723795
0 0.5896422628951747 0.6888519134775373 0.24147254575707144 0.12978369384359398
0 0.8441659733777038 0.6572379367720467 0.3116680532445922 0.15973377703826955
