0 0.8584650582362728 0.7129783693843595 0.2830698835274543 0.14475873544093176
0 0.42772462562396 0.8868552412645591 0.25083194675540754 0.14309484193011643
0 0.27189059900166385 0.7537437603993346 0.25925540765391014 0.17970049916805336
0 0.07908693843594007 0.6589018302828619 0.15817387687188014 0.16971713810316139
0 0.2573835274542429 0.5016638935108151 0.29014143094841927 0.16139767054908455
0 0.46375831946755397 0.5632279534109818 0.20309900166389347 0.1314475873544093
0 0.2980969217970049 0.1955074875207987 0.3303868552412645 0.22129783693843597
0 0.06925956738768718 0.3103161397670549 0.13851913477537436 0.12146422628951747
0 0.6195923460898501 0.6946755407653911 0.23960066555740434 0.12146422628951747
0 0.949251247920133 0.4159733777038269 0.10149750415973387 0.16638935108153077
0 0.872504159733777 0.4101497504159734 0.25499168053244603 0.18469217970049914
