0 0.9099770642201835 0.4148827726809378 0.18004587155963306 0.16513761467889906
0 0.9489678899082569 0.2915392456676861 0.10206422018348632 0.1223241590214068
0 0.6496559633027523 0.1580020387359837 0.11811926605504589 0.12436289500509687
0 0.3944954128440367 0.41794087665647295 0.12155963302752298 0.1304791029561671
0 0.5928899082568807 0.4454638124362895 0.27064220183486243 0.14067278287461776
0 0.5344036697247706 0.564729867482161 0.16743119266055045 0.163098878695209
0 0.9569954128440367 0.8562691131498471 0.08600917431192656 0.12232415902140673
0 0.49025229357798167 0.7482161060142711 0.1754587155963302 0.09785932721712527
0 0.3778669724770642 0.8328236493374109 0.1708715596330275 0.14067278287461776
0 0.34633027522935783 0.5851172273190621 0.11238532110091742 0.1345565749235474
0 0.11926605504587155 0.872579001019368 0.15825688073394495 0.1427115188583079
0 0.1926605504587156 0.6636085626911316 0.17201834862385326 0.07543323139653417
0 0.1823394495412844 0.32313965341488277 0.16055045871559634 0.09989806320081555
0 0.05561926605504588 0.5749235474006116 0.11123853211009176 0.15902140672782872
0 0.10091743119266056 0.4454638124362895 0.050458715596330264 0.08766564729867482
0 0.17087155963302753 0.4362895005096836 0.06651376146788986 0.13047910295616694
0 0.08486238532110091 0.14678899082568808 0.061926605504587146 0.11009174311926608
0 0.12442660550458715 0.23445463812436287 0.04931192660550458 0.08562691131498472
0 0.06823394495412843 0.26299694189602446 0.042431192660550454 0.10601427115188584
0 0.015481651376146788 0.5127420998980632 0.030963302752293576 0.09989806320081548
0 0.018922018348623854 0.22120285423037714 0.03784403669724771 0.07543323139653413
