0 0.291545341098169 0.2151734906193116 0.11137687188019943 0.09544336817901353
0 0.2478827645655729 0.11713844367692584 0.13297153903837775 0.07762186026784242
0 0.21037288265773196 0.2974328554808682 0.04445615633521876 0.11784409695208793
0 0.1317807491365416 0.03986941004666452 0.08811845273588022 0.07973882009332904
0 0.05557019541902355 0.0716238074289637 0.05160089574623616 0.0896179659455999
0 0.11272811070716206 0.13548542883114315 0.09923249181968492 0.09879145852270858
0 0.026991237774954296 0.17429635896506437 0.05398247554990859 0.08326708646914005
0 0.14924566769680608 0.3238948532994516 0.10161407162335735 0.10161407162335738
0 0.029174352594987362 0.37611319566145396 0.058348705189974724 0.14818718778406265
0 0.09665244703237309 0.4484426563655806 0.1091557410016534 0.17006243931409115
0 0.11451429555991638 0.5454699817003836 0.16472593642067693 0.10725929782465492
0 0.022462562396006653 0.8111480865224625 0.044925124792013306 0.1480865224625623
0 0.6433827786964806 0.5541933673597529 0.23780460155597488 0.14205770702268516
0 0.45160487421585566 0.606470603544101 0.2915024148105499 0.17615155670812954
0 0.37041889465239125 0.6928416894138936 0.13808009122605 0.1352389370855962
0 0.6932450338614429 0.722389692474612 0.23908312091917952 0.1920620198946706
0 0.7722256953753156 0.9585191495493751 0.08438227797147484 0.08296170090124674
0 0.6571589526869414 0.9767025360482796 0.044748177712145745 0.04659492790344075
