0 0.04185779816513763 0.05708460754332314 0.08142201834862388 0.11416921508664628
0 0.16685779816513763 0.0509683995922528 0.05160550458715598 0.1019367991845056
0 0.2545871559633028 0.08256880733944957 0.07568807339449542 0.16513761467889915
0 0.29701834862385323 0.08053007135575943 0.055045871559633 0.16106014271151886
0 0.35321100917431186 0.05504587155963304 0.08715596330275228 0.11009174311926608
0 0.0716743119266055 0.19673802242609584 0.060779816513761464 0.11213047910295616
0 0.14220183486238533 0.16207951070336393 0.0481651376146789 0.1039755351681957
0 0.20011467889908258 0.16309887869520895 0.04931192660550458 0.11009174311926605
0 0.17545871559633025 0.26197757390417936 0.1077981651376147 0.14475025484199786
0 0.033256880733944956 0.32925586136595314 0.059633027522935776 0.14475025484199794
0 0.08715596330275228 0.5208970438328236 0.1238532110091743 0.1243628950050968
0 0.0521788990825688 0.45769622833843016 0.08142201834862384 0.1325178389398573
0 0.1473623853211009 0.41997961264016326 0.1387614678899082 0.13455657492354753
0 0.04128440366972477 0.7451580020387358 0.08256880733944955 0.11213047910295668
0 0.4483944954128441 0.22629969418960244 0.13990825688073394 0.09785932721712537
0 0.33887614678899075 0.28338430173292556 0.22591743119266058 0.12232415902140671
0 0.34977064220183485 0.4087665647298675 0.31422018348623854 0.16106014271151886
0 0.6571100917431193 0.5433231396534148 0.20642201834862384 0.1488277268093781
0 0.948394495412844 0.4424057084607543 0.10321100917431196 0.11416921508664622
0 0.9587155963302751 0.24872579001019368 0.08256880733944953 0.13863404689092762
0 0.955848623853211 0.9408766564729868 0.08830275229357795 0.11213047910295615
