0 0.9152542372881356 0.2655367231638418 0.16949152542372886 0.11299435028248585
0 0.6096398305084746 0.07721280602636535 0.25529661016949157 0.128060263653484
0 0.7584745762711864 0.6760828625235404 0.41313559322033905 0.1958568738229755
0 0.5365466101694916 0.53954802259887 0.28072033898305093 0.19397363465160075
0 0.45233050847457634 0.7005649717514124 0.20762711864406774 0.1544256120527308
0 0.05084745762711863 0.705273069679849 0.10169491525423725 0.13370998116760882
0 0.09375 0.3907721280602637 0.1875 0.15254237288135594
0 0.13453389830508475 0.2137476459510358 0.163135593220339 0.14500941619585686
0 0.1816737288135593 0.07250470809792843 0.15360169491525424 0.1111111111111111
0 0.05137711864406779 0.20998116760828622 0.09639830508474576 0.09981167608286252
0 0.06832627118644069 0.06308851224105462 0.13029661016949154 0.12617702448210924
