0 0.7540137614678899 0.49643221202854226 0.3107798165137615 0.17329255861365947
0 0.6657110091743118 0.1875637104994903 0.15940366972477066 0.14271151885830782
0 0.5802752293577982 0.6289500509683995 0.17201834862385312 0.218144750254842
0 0.5338302752293578 0.783893985728848 0.17545871559633014 0.11213047910295665
0 0.42087155963302747 0.4424057084607543 0.08027522935779821 0.15086646279306826
0 0.35014802792118155 0.623531576891949 0.14829798829602978 0.10671177993788376
0 0.4184121812637984 0.8707950507614836 0.18831490577273627 0.16216005774874503
0 0.17477977192032085 0.8960650933019368 0.10239623001392532 0.204007814587131
0 0.21244275307486812 0.6737488850980121 0.17183735151762186 0.085787901518691
0 0.06179082845667908 0.5811607230930833 0.11769681610796016 0.1496057306972294
0 0.09621714716825716 0.4545712586569662 0.05708295581236055 0.09729603464924697
0 0.16418705847060427 0.4346935741587329 0.07767989863125345 0.12031230091035913
0 0.016771796295384323 0.5225738635193432 0.033543592590768646 0.10357319817500496
0 0.20773488043054972 0.3227508246160508 0.12828952955767658 0.09729603464924712
0 0.0717950578258557 0.1527443124601083 0.056494471731820865 0.09624984072828745
0 0.1303492238395659 0.26311777112135093 0.09945380961122638 0.12240468875227854
0 0.02471633138267163 0.22859337172968267 0.04472479012102486 0.0889264832815699
0 0.0717950578258557 0.25945609239799217 0.04707872644318407 0.10043461641212606
