0 0.1450707154742096 0.058236272878535764 0.28639767054908477 0.11647254575707153
0 0.0711314475873544 0.4400998336106489 0.1141846921797005 0.07154742096505828
0 0.10856905158069882 0.3144758735440931 0.12541597337770383 0.11314475873544094
0 0.3130719633943427 0.22462562396006652 0.30605241264559063 0.18302828618968386
0 0.09312603993344425 0.6430948419301166 0.1862520798668885 0.15474209650582352
0 0.27282653910149746 0.495008319467554 0.2573835274542429 0.1214642262895174
0 0.29622504159733776 0.7454242928452578 0.23304908485856907 0.15973377703826955
0 0.425384775374376 0.9009983361064892 0.23117720465890187 0.12146422628951754
0 0.4824771214642263 0.5748752079866888 0.20122712146422636 0.12479201331114809
0 0.6238040765391014 0.7179700499168052 0.2442803660565724 0.11148086522462564
0 0.8551892678868552 0.7595673876871881 0.2896214642262896 0.13477537437603984
0 0.9562707986688852 0.5141430948419301 0.0874584026622297 0.16306156405990024
0 0.8654846089850251 0.4633943427620632 0.2690307820299497 0.17803660565723795
