0 0.021530416595001635 0.22731906218144743 0.04306083319000327 0.08358817533129442
0 0.08027522935779816 0.15698267074413863 0.0665137614678899 0.11009174311926608
0 0.07110091743119266 0.273190621814475 0.052752293577981654 0.10601427115188577
0 0.1301605504587156 0.25688073394495414 0.07224770642201835 0.11009174311926608
0 0.20470183486238536 0.3261977573904179 0.12500000000000008 0.08970438328236495
0 0.169151376146789 0.43832823649337416 0.06536697247706424 0.11416921508664629
0 0.09481379627262744 0.4564890788427827 0.06372223691646045 0.09802028279181334
0 0.06135321100917432 0.584097859327217 0.11123853211009176 0.1488277268093781
0 0.016628440366972478 0.5188583078491336 0.033256880733944956 0.09989806320081548
0 0.14908256880733944 0.8848114169215086 0.12614678899082568 0.1671763506625892
0 0.1989678899082569 0.673802242609582 0.16857798165137616 0.07951070336391432
0 0.34617452314860714 0.6079045996892405 0.1314084951845376 0.11277970467944982
0 0.4063764445878288 0.43528260273089897 0.10033653573203609 0.13119271768833962
0 0.5633545730718207 0.5871899600542396 0.15665446223969495 0.20714639635000992
0 0.515128302671584 0.7540578904473031 0.17801643436328982 0.11277970467944982
0 0.40361180663822244 0.8498188626462428 0.17024844450016446 0.17607443689750837
0 0.661697247706422 0.17023445463812437 0.13073394495412857 0.13659531090723753
0 0.6754587155963298 0.471967380224261 0.2889908256880733 0.14882772680937806
0 0.9461009174311927 0.41845056065239555 0.1077981651376146 0.12742099898063203
