0 0.16425748752079866 0.08485856905158069 0.3135399334442595 0.16971713810316139
0 0.19093178036605654 0.30698835274542424 0.08236272878535772 0.07154742096505824
0 0.32336730449251244 0.24126455906821967 0.2611272878535773 0.129783693843594
0 0.3023086522462561 0.4708818635607323 0.20777870216306155 0.09983361064891878
0 0.10108153078202992 0.5940099833610648 0.20216306156405983 0.1098169717138103
0 0.31447587354409323 0.7204658901830282 0.19467554076539076 0.10648918469217977
0 0.4178972545757068 0.8743760399334434 0.21994592346089836 0.10482529118136434
0 0.6158485856905157 0.737936772046589 0.23960066555740425 0.08818635607321128
0 0.5068115640599001 0.5873544093178036 0.16940515806988343 0.0965058236272879
0 0.8505095673876868 0.5474209650582362 0.2989808652246254 0.14975041597337777
0 0.9244488352745425 0.6630615640599001 0.15110232945091523 0.16805324459234616
0 0.8420861064891842 0.8202995008319466 0.3158277870216306 0.1297836938435946
0 0.17561831752484366 0.4006548533297841 0.09074293052730871 0.05496855709308576
