0 0.047018348623853214 0.15902140672782875 0.07339449541284404 0.1182466870540265
0 0.11467889908256881 0.1213047910295617 0.08486238532110094 0.09174311926605508
0 0.17775229357798164 0.11009174311926605 0.06422018348623854 0.09378185524974515
0 0.22706422018348627 0.04994903160040774 0.06192660550458715 0.09582059123343527
0 0.27293577981651373 0.046890927624872576 0.055045871559633 0.09378185524974515
0 0.33314220183486243 0.039755351681957186 0.04013761467889914 0.07951070336391437
0 0.393348623853211 0.16411824668705402 0.15825688073394492 0.10397553516819573
0 0.28211009174311924 0.23037716615698264 0.231651376146789 0.12232415902140673
0 0.14506880733944955 0.31294597349643216 0.2901376146788991 0.15290519877675834
0 0.0625 0.49745158002038736 0.125 0.15902140672782872
0 0.10837155963302753 0.4648318042813456 0.0653669724770642 0.1508664627930684
0 0.4913990825688073 0.4505606523955148 0.19151376146788998 0.08970438328236498
0 0.8033256880733943 0.7971457696228339 0.37041284403669716 0.2038735983690113
0 0.889334862385321 0.1325178389398573 0.22133027522935783 0.19979612640163105
0 0.9053899082568807 0.3343527013251784 0.18463302752293573 0.2038735983690112
0 0.9673165137614679 0.48827726809378186 0.06536697247706429 0.108053007135576
0 0.15825688073394495 0.03160040774719674 0.04816513761467888 0.06320081549439348
0 0.03612385321100917 0.030581039755351678 0.06307339449541284 0.061162079510703356
