0 0.8930948419301165 0.8419301164725458 0.21381031613976717 0.26955074875207996
0 0.9216410149750416 0.6821963394342763 0.1567179700499169 0.13643926788685526
0 0.4670341098169717 0.8910149750415974 0.08423460898502498 0.21464226289517468
0 0.043989184692179696 0.9217970049916805 0.08797836938435939 0.14975041597337765
0 0.2794386969642326 0.16805132747987883 0.07073292016907143 0.08616026489730508
0 0.17399425115663547 0.3970358152700139 0.1750858085666521 0.0939224509240892
0 0.2093607112411705 0.5336502893414169 0.12705728252592413 0.07684564166516364
0 0.11832482324579228 0.49328692200213864 0.05938072310489945 0.16688699957586117
0 0.018338164488277776 0.5883737008302456 0.03667632897655555 0.07451698585712868
0 0.04344398491865805 0.3861687548325161 0.08688796983731611 0.13739069267408113
0 0.19866344862300914 0.3003965992365502 0.07509914980913772 0.10246085555355194
0 0.05479618198283001 0.13545014616738504 0.05283137864480025 0.07839807887052086
0 0.14364895515817588 0.13389770896202818 0.03842282083258198 0.11720900900444206
0 0.10457119987958392 0.23985154822763247 0.20914239975916785 0.12109010201783292
0 0.11486537588867037 0.02475213487163267 0.14773930501505753 0.04950426974326534
