0 0.19650423728813557 0.24858757062146894 0.16843220338983048 0.13559322033898308
0 0.19968220338983053 0.11487758945386065 0.15572033898305082 0.10546139359698682
0 0.08368644067796609 0.12052730696798492 0.09957627118644063 0.12429378531073448
0 0.04819915254237288 0.243879472693032 0.09427966101694915 0.12241054613935973
0 0.13877118644067796 0.42937853107344637 0.2775423728813559 0.14689265536723162
0 0.0969279661016949 0.7796610169491526 0.1938559322033898 0.2222222222222223
0 0.4994703389830508 0.7259887005649718 0.22987288135593226 0.1487758945386065
0 0.6684322033898306 0.6393596986817325 0.3029661016949153 0.24293785310734464
0 0.864406779661017 0.7401129943502824 0.2711864406779661 0.19962335216572513
0 0.6949152542372882 0.11581920903954802 0.27542372881355937 0.1337099811676083
