0 0.08610648918469216 0.6472545757071549 0.17221297836938432 0.12978369384359403
0 0.26206322795341097 0.502495840266223 0.23398502495840265 0.10981697171381015
0 0.2966930116472543 0.24875207986688846 0.29762895174708814 0.15806988352745427
0 0.1254159733777038 0.32113144758735435 0.11044093178036603 0.09983361064891849
0 0.10295341098169715 0.44009983361064897 0.10856905158069882 0.05823627287853576
0 0.29903286189683853 0.7504159733777038 0.2030990016638935 0.12312811980033274
0 0.47686148086522456 0.5965058236272877 0.1862520798668885 0.10149750415973348
0 0.4150894342762061 0.903494176372712 0.22743344425956744 0.10648918469218001
0 0.6097649750415973 0.7495840266222962 0.23492096505823626 0.09816971713810319
0 0.850977537437604 0.5174708818635607 0.29804492512479214 0.15307820299500832
0 0.8434900166389349 0.7978369384359401 0.3130199667221297 0.1181364392678867
0 0.9314683860232944 0.6073211314475873 0.13706322795341108 0.12312811980033274
0 0.1548980865224625 0.08236272878535773 0.30418053244592336 0.16472545757071547
