0 0.6118119266055047 0.9077471967380224 0.21674311926605505 0.18450560652395523
0 0.4598623853211009 0.9281345565749235 0.3417431192660551 0.1437308868501529
0 0.8704128440366972 0.9485219164118246 0.1077981651376146 0.1029561671763507
0 0.885894495412844 0.32415902140672787 0.22821100917431195 0.15086646279306834
0 0.8262614678899081 0.14271151885830788 0.25114678899082565 0.15086646279306837
0 0.426032110091743 0.6095820591233436 0.2878440366972476 0.1916411824668705
0 0.29759174311926606 0.37614678899082565 0.21215596330275233 0.11213047910295622
0 0.2230504587155963 0.2742099898063199 0.08600917431192685 0.1610601427115187
0 0.33887614678899075 0.06218144750254842 0.173165137614679 0.12436289500509684
0 0.051032110091743126 0.4138634046890928 0.09977064220183487 0.13455657492354745
0 0.2201834862385321 0.12436289500509684 0.25688073394495414 0.17533129459734964
0 0.11697247706422019 0.30479102956167176 0.06880733944954129 0.1692150866462792
0 0.05045871559633028 0.21916411824668708 0.09862385321100918 0.1488277268093782
0 0.03497706422018348 0.0652395514780836 0.06995412844036696 0.1304791029561672
