0 0.16112385321100917 0.8165137614678899 0.32224770642201833 0.18552497451580025
0 0.24369266055045868 0.4954128440366972 0.3038990825688073 0.13047910295616724
0 0.04243119266055045 0.3312945973496432 0.0848623853211009 0.11213047910295618
0 0.20068807339449538 0.2966360856269113 0.25458715596330267 0.13659531090723745
0 0.09288990825688075 0.18858307849133527 0.12844036697247704 0.15698267074413855
0 0.23509174311926606 0.051987767584097865 0.17660550458715593 0.10397553516819573
0 0.02178899082568807 0.08970438328236494 0.04357798165137614 0.11416921508664629
0 0.7964449541284404 0.023445463812436285 0.15252293577981646 0.04689092762487257
0 0.3704128440366972 0.017329255861365956 0.09403669724770644 0.03465851172273191
0 0.8090596330275229 0.17940876656472987 0.2901376146788991 0.13863404689092762
0 0.8142201834862385 0.763506625891947 0.32798165137614677 0.31600407747196724
0 0.9438073394495412 0.7869520897043835 0.11238532110091694 0.13455657492354697
0 0.5561926605504588 0.7920489296636086 0.2087155963302753 0.15698267074413863
0 0.22591743119266045 0.17635066258919474 0.12844036697247715 0.1488277268093782
0 0.12270642201834871 0.06422018348623854 0.05504587155963291 0.1202854230377166
