0 0.13073394495412843 0.09378185524974515 0.11238532110091742 0.1345565749235474
0 0.02752293577981652 0.13251783893985727 0.05504587155963304 0.07747196738022424
0 0.15080275229357798 0.1875637104994903 0.04701834862385322 0.08562691131498468
0 0.08084862385321101 0.20081549439347604 0.07454128440366972 0.09174311926605505
0 0.1897935779816514 0.24974515800203875 0.05848623853211006 0.08358817533129458
0 0.13016055045871558 0.324159021406728 0.25573394495412843 0.15086646279306848
0 0.021215596330275234 0.43425076452599387 0.03784403669724771 0.12640163098878696
0 0.05447247706422018 0.5229357798165137 0.10435779816513761 0.1896024464831804
0 0.07339449541284404 0.7492354740061162 0.14678899082568808 0.09582059123343513
0 0.13302752293577982 0.616717635066259 0.14678899082568808 0.15290519877675826
0 0.268348623853211 0.692150866462793 0.1605504587155963 0.1488277268093782
0 0.34690366972477066 0.6585117227319063 0.18004587155963303 0.11824668705402651
0 0.23910550458715593 0.5005096839959225 0.180045871559633 0.0632008154943935
0 0.3165137614678899 0.3312945973496433 0.15137614678899083 0.0835881753312946
0 0.3755733944954128 0.4495412844036697 0.1685779816513762 0.10397553516819563
0 0.6599770642201835 0.10805300713557595 0.2580275229357799 0.20387359836901123
0 0.5372706422018348 0.08766564729867482 0.11353211009174316 0.09785932721712537
0 0.5447247706422018 0.23139653414882771 0.1857798165137614 0.11620795107033643
0 0.7282110091743119 0.29867482161060144 0.17201834862385312 0.1692150866462793
0 0.9042431192660549 0.6748216106014272 0.1915137614678899 0.2691131498470947
0 0.676605504587156 0.7247706422018347 0.21559633027522934 0.16921508664627935
