0 0.5470183486238532 0.9485219164118246 0.19495412844036694 0.1029561671763507
0 0.6267201834862385 0.9199796126401631 0.19151376146788998 0.1600407747196738
0 0.5315366972477064 0.6350662589194699 0.28555045871559626 0.14067278287461776
0 0.9174311926605505 0.3863404689092762 0.16513761467889906 0.14475025484199797
0 0.8577981651376149 0.20285423037716613 0.25229357798165114 0.1610601427115189
0 0.8469036697247706 0.03975535168195718 0.24426605504587173 0.07951070336391436
0 0.3526376146788991 0.3965341488277268 0.2029816513761467 0.11620795107033637
0 0.06479357798165139 0.44852191641182465 0.1272935779816514 0.14271151885830777
0 0.0705275229357798 0.2405708460754332 0.1410550458715596 0.13863404689092762
0 0.11181192660550458 0.31906218144750254 0.0561926605504587 0.15290519877675846
0 0.36123853211009177 0.09582059123343527 0.17201834862385318 0.13047910295616716
0 0.23394495412844027 0.1712538226299694 0.2499999999999999 0.16309887869520892
0 0.2385321100917431 0.3017329255861366 0.06651376146788994 0.1712538226299694
0 0.11123853211009176 0.05504587155963302 0.07110091743119266 0.09378185524974514
0 0.033256880733944956 0.09378185524974515 0.06651376146788991 0.11416921508664625
