0 0.7970183486238531 0.2782874617737003 0.23853211009174302 0.2303771661569827
0 0.9764908256880733 0.6146788990825688 0.047018348623853255 0.11213047910295608
0 0.7400091183380879 0.8248553735317503 0.25163313947060817 0.30339832531162464
0 0.6453119825793412 0.860346585117227 0.18539572683726585 0.1880549973164617
0 0.518348623853211 0.9271151885830784 0.18807339449541288 0.14576962283384304
0 0.48778444918849745 0.49752341948914525 0.13182043404091545 0.1673910273535435
0 0.4492387419131405 0.6581141863564508 0.18301854904787804 0.11403513738460135
0 0.189247613449051 0.9033077565299434 0.11956223146059029 0.1933844869401128
0 0.2771760019342462 0.6685179154932137 0.12240468875227854 0.10252700425404541
0 0.14094193728928228 0.18622251793081696 0.18184158088679844 0.07114118662525595
0 0.23863029465888924 0.277764486014786 0.11593136386634072 0.08683409543965066
0 0.09209775860447883 0.09781913160972686 0.07002960558423629 0.0910188711234892
0 0.06885263742315666 0.23643982613687986 0.05767143989290055 0.07323357446717543
0 0.02736450974510074 0.17732986960266 0.051198115006962676 0.08264931975581206
0 0.16359857439006462 0.40016917476706465 0.07179505782585568 0.12658946443611718
0 0.10710410265824376 0.41324659877906017 0.05060963092642289 0.0941574528863682
0 0.018243006496733823 0.4702641674713604 0.03648601299346765 0.09938842249116624
0 0.08268201331584202 0.49641901549535206 0.08650715983935074 0.06591021702045757
0 0.1250528671147077 0.5931919531841192 0.2477517979072562 0.14228237325051182
