0 0.05007279534109815 0.06738768718801996 0.06083610648918467 0.09151414309484192
0 0.12214018302828616 0.03410981697171381 0.07768302828618964 0.06821963394342762
0 0.025570387264083328 0.17201896886746973 0.04881619386779545 0.08781749161402354
0 0.11012700878508618 0.1286267965405404 0.08310375860827084 0.09401637337501347
0 0.22606546922110038 0.10744728385715824 0.15458461391468561 0.08885063857418853
0 0.2876668567209372 0.22522603731596647 0.08600948443373473 0.08885063857418828
0 0.20456309811266662 0.2970297510474327 0.04184245188668182 0.11467931257831317
0 0.14005598478736553 0.32079213113122734 0.0755488714620644 0.08781749161402352
0 0.027023250176815335 0.37296605261955895 0.05172191969325946 0.11571245953847821
0 0.0793263150351676 0.45148522159209764 0.12610850082513822 0.17563498322804713
0 0.09414551674503409 0.54799820492782 0.16039606556561364 0.10021525513600338
0 0.018306072700423292 0.801377496908282 0.036612145400846584 0.09763238773559081
0 0.35362683295897057 0.6693929727472056 0.11913475884402466 0.1343091048214478
0 0.3850086718739819 0.5630650932899159 0.28417998573038067 0.19629792243134672
0 0.6078930948419301 0.9683860232945091 0.06083610648918451 0.06322795341098171
0 0.7422004991680532 0.9409317803660565 0.11792845257903493 0.11813643926788686
0 0.8568531613976704 0.9633943427620631 0.04960482529118138 0.07321131447587362
0 0.9698419301164725 0.4417637271214642 0.06031613976705501 0.09151414309484196
0 0.5995527596270576 0.5338952614640461 0.22011217482816012 0.15264909197967744
0 0.6278119938316595 0.7134479816389788 0.23544927884468492 0.18895919123137245
