0 0.10388935108153072 0.13144758735440928 0.20777870216306144 0.15307820299500835
0 0.4997920133111479 0.07071547420965059 0.29388519134775365 0.14143094841930118
0 0.20777870216306155 0.5199667221297837 0.4155574043261231 0.2745424292845257
0 0.45065515806988343 0.34442595673876863 0.2966930116472545 0.1763727121464226
0 0.5007279534109815 0.4800332778702163 0.23024126455906818 0.14475873544093168
0 0.37765183028286187 0.6772046589018302 0.3228993344425956 0.22961730449251255
0 0.7052308652246256 0.6880199667221298 0.24989600665557404 0.09816971713810319
0 0.6036813643926788 0.862728785357737 0.25644758735440926 0.13810316139767054
0 0.9431676372712147 0.5931780366056573 0.11366472545757077 0.10815307820299509
0 0.9520590682196339 0.3344425956738768 0.09588186356073222 0.10648918469217972
