0 0.13933486238532108 0.798165137614679 0.27866972477064217 0.14067278287461776
0 0.05332568807339449 0.0744138634046891 0.07912844036697247 0.1488277268093782
0 0.12958715596330275 0.034658511722731905 0.04357798165137614 0.06931702344546381
0 0.1817660550458716 0.07339449541284404 0.05160550458715594 0.13455657492354742
0 0.24254587155963292 0.12232415902140663 0.044724770642201615 0.19979612640163075
0 0.29644495412844035 0.1253822629969419 0.03555045871559631 0.17737003058103976
0 0.3629587155963303 0.09683995922528033 0.11353211009174306 0.12436289500509684
0 0.20068807339449535 0.20387359836901123 0.10091743119266053 0.10193679918450566
0 0.18864678899082576 0.3037716615698267 0.1043577981651378 0.14678899082568797
0 0.08084862385321101 0.23955147808358818 0.06307339449541284 0.09989806320081553
0 0.035550458715596325 0.3720693170234453 0.07110091743119265 0.17329255861365936
0 0.07912844036697249 0.5739041794087666 0.15137614678899083 0.1692150866462793
0 0.1548165137614678 0.452599388379205 0.17889908256880716 0.11824668705402623
0 0.27637614678899086 0.38226299694189647 0.15366972477064228 0.10805300713557692
0 0.415711009174312 0.33231396534148827 0.20298165137614677 0.11824668705402651
0 0.5063073394495413 0.2762487257900102 0.15481651376146793 0.108053007135576
0 0.5814220183486238 0.5331294597349644 0.29587155963302747 0.21814475025484206
0 0.8371559633027523 0.7166156982670744 0.22935779816513757 0.20998980632008163
