0 0.5217889908256881 0.047910295616717634 0.20412844036697259 0.09582059123343527
0 0.518348623853211 0.07747196738022426 0.12385321100917437 0.08562691131498472
0 0.6009174311926606 0.20387359836901123 0.16055045871559628 0.12640163098878696
0 0.7889908256880733 0.5372069317023446 0.19954128440366972 0.2303771661569826
0 0.9397935779816514 0.7849133537206932 0.1204128440366972 0.1427115188583079
0 0.5527522935779816 0.636085626911315 0.16284403669724767 0.1549439347604484
0 0.4180045871559633 0.17737003058103976 0.18004587155963306 0.12640163098878696
0 0.1393348623853211 0.0652395514780836 0.11123853211009173 0.1304791029561672
0 0.03612385321100918 0.10703363914373089 0.056192660550458726 0.09174311926605502
0 0.10149082568807344 0.17635066258919468 0.05848623853211006 0.09174311926605502
0 0.15538990825688073 0.17227319062181448 0.040137614678899085 0.07951070336391436
0 0.20298165137614677 0.2324159021406728 0.04357798165137616 0.09785932721712537
0 0.2763761467889907 0.3425076452599389 0.17431192660550432 0.1304791029561672
0 0.33256880733944955 0.42813455657492355 0.16743119266055045 0.09378185524974512
0 0.2264908256880734 0.4923547400611621 0.13417431192660553 0.10397553516819563
0 0.30905963302752293 0.6044852191641182 0.18463302752293578 0.1325178389398573
0 0.23050458715596328 0.6687054026503567 0.17431192660550457 0.11416921508664636
0 0.059059633027522936 0.7461773700305809 0.11811926605504587 0.15086646279306834
0 0.13130733944954126 0.5983690112130481 0.1502293577981651 0.12844036697247713
0 0.030389908256880736 0.40672782874617736 0.05619266055045871 0.11213047910295615
0 0.12155963302752294 0.3649337410805301 0.05045871559633028 0.10601427115188584
0 0.06536697247706423 0.5045871559633027 0.09174311926605505 0.19775739041794083
0 0.12844036697247707 0.2701325178389398 0.1444954128440367 0.07951070336391439
0 0.05848623853211007 0.27217125382262997 0.11467889908256876 0.12844036697247702
