0 0.8924788135593221 0.24952919020715633 0.215042372881356 0.12994350282485875
0 0.5630296610169492 0.07062146892655367 0.263771186440678 0.12994350282485875
0 0.6615466101694915 0.6591337099811676 0.3845338983050847 0.19585687382297556
0 0.4332627118644068 0.692090395480226 0.17796610169491522 0.16760828625235405
0 0.4782838983050848 0.5188323917137476 0.28072033898305093 0.15254237288135586
0 0.07574152542372882 0.3757062146892655 0.15148305084745764 0.1186440677966101
0 0.0958686440677966 0.20998116760828625 0.17690677966101695 0.13747645951035783
0 0.16684322033898305 0.06497175141242938 0.15995762711864406 0.11487758945386065
0 0.048728813559322036 0.0583804143126177 0.09322033898305085 0.1167608286252354
0 0.027542372881355928 0.6807909604519768 0.055084745762711856 0.10357815442561194
