0 0.7407965890183027 0.76955074875208 0.2648710482529119 0.14143094841930107
0 0.6832362728785357 0.5574043261231282 0.23960066555740434 0.1497504159733777
0 0.5185108153078203 0.6189683860232945 0.2845257903494177 0.19301164725457576
0 0.3944987520798668 0.7096505823627288 0.1338394342762063 0.14808652246256238
0 0.8044405158069883 0.9700499168053244 0.06457986688851917 0.05990016638935103
0 0.02573835274542429 0.8319467554076538 0.05147670549084858 0.14642262895174696
0 0.11437508388118932 0.1505823627287853 0.1063163879780538 0.10482529118136436
0 0.12540210556780615 0.044093178036605674 0.09549362580282365 0.08818635607321135
0 0.06785565723793675 0.07986688851913477 0.042117304492512476 0.06988352745424291
0 0.028778168176106962 0.18953497060141836 0.05636345891486234 0.0927793562384565
0 0.2479693972894605 0.12167349860986157 0.12197171796919946 0.08747767873911615
0 0.28360661073033894 0.21895928072275728 0.1401630988888109 0.10497321448693908
0 0.21660865244368108 0.2992710822626665 0.048989096561542024 0.12551454805310125
0 0.14960885861686612 0.32830165800283956 0.12247274140385497 0.10502237694239065
0 0.03746225031176746 0.3799590060110888 0.04226510291584021 0.14002983592318774
0 0.10446204413858233 0.45808540837067224 0.09557676682104774 0.1801603376816623
0 0.12727559400792793 0.5451771355911914 0.16713927062173176 0.11356078157185344
0 0.014888843072625528 0.3594668349003784 0.027856545103621958 0.07001491796159386
