1,1,529.1,623.05,160.36,29.31000000000006,1,2,1.0
2,1,528.5,623.11,161.49,29.16999999999996,1,2,1.0
3,1,529.1,623.78,163.97000000000003,27.350000000000023,1,2,1.0
4,1,526.0,623.75,165.70000000000005,27.389999999999986,1,2,1.0
5,1,513.69,624.86,178.1099999999999,24.720000000000027,1,2,1.0
6,1,512.52,623.1,168.88,23.17999999999995,1,2,1.0
7,1,514.1,620.4,172.47000000000003,26.269999999999982,1,2,1.0
8,1,510.9,620.1,172.43000000000006,25.299999999999955,1,2,1.0
9,1,511.4,622.34,171.93000000000006,23.059999999999945,1,2,1.0
10,1,512.8,618.3,169.62,26.300000000000068,1,2,1.0
11,1,512.88,614.1,167.32000000000005,30.600000000000023,1,2,1.0
12,1,508.55,616.03,173.74999999999994,28.57000000000005,1,2,1.0
13,1,510.28,615.27,175.32000000000005,28.230000000000018,1,2,1.0
14,1,509.2,613.4,178.37000000000006,29.550000000000068,1,2,1.0
15,1,504.9,611.6,180.39999999999998,32.5,1,2,1.0
16,1,503.6,610.9,182.48000000000002,31.870000000000005,1,2,1.0
17,2,518.48,631.5,27.519999999999982,17.399999999999977,1,1,1.0
17,1,504.31,610.12,180.39000000000004,30.379999999999995,1,2,1.0
18,2,523.66,632.44,27.519999999999982,17.399999999999977,1,1,1.0
18,1,501.9,610.29,183.80000000000007,29.710000000000036,1,2,1.0
19,2,519.9,628.91,32.930000000000064,19.49000000000001,1,1,1.0
19,1,502.5,606.03,183.29999999999995,35.26999999999998,1,2,1.0
20,2,522.3,627.96,34.30000000000007,20.43999999999994,1,1,1.0
20,1,503.2,607.35,185.7,31.350000000000023,1,2,1.0
21,2,523.82,626.07,37.65999999999997,19.969999999999914,1,1,1.0
21,1,496.7,604.61,193.16000000000003,32.76999999999998,1,2,1.0
22,2,543.6,627.65,23.18999999999994,14.649999999999977,1,1,1.0
22,3,518.44,625.42,25.889999999999986,17.660000000000082,1,1,1.0
22,1,494.8,604.42,197.39000000000004,31.030000000000086,1,2,1.0
23,2,543.5,625.32,27.940000000000055,14.67999999999995,1,1,1.0
23,3,518.8,627.0,24.590000000000032,17.0,1,1,1.0
23,1,506.83,606.93,186.42000000000002,27.670000000000073,1,2,1.0
24,2,551.1,626.53,25.18999999999994,14.269999999999982,1,1,1.0
24,3,517.7,622.27,34.19999999999993,20.129999999999995,1,1,1.0
24,1,490.07,602.03,201.53000000000003,29.970000000000027,1,2,1.0
25,2,549.1,624.46,35.51999999999998,14.93999999999994,1,1,1.0
25,3,515.9,623.79,32.77999999999997,20.129999999999995,1,1,1.0
25,1,495.06,601.78,198.04000000000002,29.620000000000005,1,2,1.0
26,2,551.3,624.1,36.97000000000003,14.399999999999977,1,1,1.0
26,3,513.1,621.33,37.569999999999936,20.129999999999995,1,1,1.0
26,1,488.14,601.5,207.86,28.159999999999968,1,2,1.0
27,2,553.7,618.69,36.25999999999999,20.909999999999968,1,1,1.0
27,3,510.3,621.43,43.02000000000004,20.129999999999995,1,1,1.0
27,1,486.69,599.7,213.91000000000003,28.529999999999973,1,2,1.0
28,2,559.4,618.0,34.700000000000045,18.5,1,1,1.0
28,3,516.1,619.6,42.01999999999998,23.090000000000032,1,1,1.0
28,1,490.3,596.9,211.97999999999996,29.5,1,2,1.0
29,2,555.9,619.3,41.860000000000014,16.5,1,1,1.0
29,3,517.3,620.37,38.700000000000045,21.33000000000004,1,1,1.0
29,1,491.57,596.74,213.59999999999997,29.220000000000027,1,2,1.0
30,2,561.7,618.53,37.379999999999995,14.07000000000005,1,1,1.0
30,3,513.3,618.9,47.0,21.610000000000014,1,1,1.0
30,1,489.1,596.59,217.45999999999992,27.809999999999945,1,2,1.0
31,2,560.9,615.89,41.0,17.81000000000006,1,1,1.0
31,3,514.3,619.04,46.3900000000001,20.139999999999986,1,1,1.0
31,1,481.8,595.0,226.15000000000003,28.299999999999955,1,2,1.0
32,2,561.8,615.88,45.210000000000036,15.32000000000005,1,1,1.0
32,3,515.2,619.27,45.09999999999991,20.129999999999995,1,1,1.0
32,1,480.7,593.7,228.64000000000004,29.09999999999991,1,2,1.0
33,2,563.5,615.41,45.379999999999995,14.790000000000077,1,1,1.0
33,3,512.8,618.47,53.180000000000064,20.129999999999995,1,1,1.0
33,1,482.83,593.87,227.90000000000003,26.529999999999973,1,2,1.0
34,2,564.3,615.52,54.83000000000004,15.779999999999973,1,1,1.0
34,3,512.6,618.48,54.139999999999986,20.139999999999986,1,1,1.0
34,1,484.97,594.03,227.14999999999998,26.769999999999982,1,2,1.0
35,2,574.1,615.52,53.75,14.680000000000064,1,1,1.0
35,3,508.9,617.22,64.45000000000005,20.129999999999995,1,1,1.0
35,1,487.1,594.2,226.0,26.199999999999932,1,2,1.0
36,2,570.2,615.53,50.39999999999998,13.370000000000005,1,1,1.0
36,3,511.1,618.2,60.60000000000002,21.299999999999955,1,1,1.0
36,1,487.5,592.2,227.40999999999997,27.0,1,2,1.0
37,2,576.9,614.12,55.82000000000005,14.67999999999995,1,1,1.0
37,3,522.8,616.79,53.48000000000002,20.139999999999986,1,1,1.0
37,4,525.06,634.77,15.800000000000068,12.330000000000041,1,1,1.0
37,5,502.74,619.05,19.700000000000045,11.06000000000006,1,1,1.0
37,1,494.9,592.91,225.80000000000007,25.49000000000001,1,2,1.0
38,2,588.78,617.09,32.620000000000005,11.610000000000014,1,1,1.0
38,3,527.3,615.25,53.05000000000007,20.129999999999995,1,1,1.0
38,4,524.7,634.25,19.949999999999932,11.950000000000045,1,1,1.0
38,5,503.7,617.6,23.19999999999999,11.240000000000009,1,1,1.0
38,1,491.1,593.61,229.51999999999998,25.710000000000036,1,2,1.0
39,2,588.6,613.32,65.25999999999999,23.469999999999914,1,1,1.0
39,3,529.89,616.13,55.90999999999997,20.139999999999986,1,1,1.0
39,4,527.9,633.31,29.050000000000068,15.3900000000001,1,1,1.0
39,5,504.18,617.6,23.19999999999999,11.240000000000009,1,1,1.0
39,1,490.09,594.32,230.45999999999998,24.479999999999905,1,2,1.0
40,2,589.4,613.04,62.690000000000055,26.629999999999995,1,1,1.0
40,3,533.07,614.29,57.979999999999905,20.129999999999995,1,1,1.0
40,4,526.7,632.27,33.09999999999991,17.029999999999973,1,1,1.0
40,5,502.42,616.17,23.20999999999998,13.830000000000041,1,1,1.0
40,1,489.09,595.02,232.51000000000005,22.879999999999995,1,2,1.0
41,2,607.23,614.41,48.039999999999964,16.389999999999986,1,1,1.0
41,3,537.9,615.3,65.15999999999997,20.1400000000001,1,1,1.0
41,4,525.0,631.26,37.72000000000003,20.940000000000055,1,1,1.0
41,5,505.0,616.32,30.039999999999964,13.67999999999995,1,1,1.0
41,1,489.09,595.02,231.38000000000005,23.58000000000004,1,2,1.0
42,2,608.5,615.14,46.950000000000045,12.860000000000014,1,1,1.0
42,3,537.2,613.7,64.69999999999993,16.870000000000005,1,1,1.0
42,4,529.1,630.95,68.93999999999994,20.25,1,1,1.0
42,5,501.7,616.32,27.760000000000048,13.67999999999995,1,1,1.0
42,1,490.17,595.08,230.21999999999997,21.91999999999996,1,2,1.0
43,2,610.0,612.79,33.91999999999996,12.509999999999991,1,1,1.0
43,3,545.02,611.92,57.67000000000007,20.129999999999995,1,1,1.0
43,4,529.7,631.19,71.70999999999992,22.409999999999968,1,1,1.0
43,5,505.0,617.44,38.97000000000003,13.67999999999995,1,1,1.0
43,1,491.25,595.14,229.04999999999995,21.460000000000036,1,2,1.0
44,2,629.92,613.77,22.879999999999995,17.129999999999995,1,1,1.0
44,3,550.0,610.0,57.66999999999996,20.129999999999995,1,1,1.0
44,4,527.5,629.57,73.53999999999996,25.729999999999905,1,1,1.0
44,5,505.8,615.53,45.660000000000025,14.170000000000073,1,1,1.0
44,1,492.33,595.2,227.89000000000004,23.09999999999991,1,2,1.0
45,2,635.66,616.85,22.879999999999995,10.649999999999977,1,1,1.0
45,3,556.5,610.09,53.24000000000001,20.129999999999995,1,1,1.0
45,4,525.9,630.68,75.89999999999998,23.82000000000005,1,1,1.0
45,5,508.35,615.85,45.65999999999997,14.169999999999959,1,1,1.0
45,1,492.2,595.39,219.57999999999998,22.81000000000006,1,2,1.0
46,2,636.68,617.26,25.120000000000005,11.639999999999986,1,1,1.0
46,3,561.3,611.39,55.5,20.129999999999995,1,1,1.0
46,4,524.2,631.52,78.67999999999995,21.58000000000004,1,1,1.0
46,5,508.0,615.37,51.42999999999995,14.92999999999995,1,1,1.0
46,1,483.55,593.08,228.45,23.819999999999936,1,2,1.0
47,2,652.88,620.54,14.220000000000027,8.759999999999991,1,1,1.0
47,3,570.3,612.8,51.5,17.629999999999995,1,1,1.0
47,4,533.5,628.8,72.20000000000005,23.590000000000032,1,1,1.0
47,5,506.9,615.37,56.51999999999998,15.230000000000018,1,1,1.0
47,1,481.52,594.91,231.09000000000003,22.889999999999986,1,2,1.0
48,2,642.01,619.31,14.230000000000018,8.760000000000105,1,1,1.0
48,3,573.6,610.29,57.66999999999996,20.139999999999986,1,1,1.0
48,4,534.9,628.56,74.96000000000004,24.480000000000018,1,1,1.0
48,5,507.9,615.21,58.23000000000002,15.089999999999918,1,1,1.0
48,6,524.04,628.64,13.100000000000023,14.220000000000027,1,1,1.0
48,1,484.32,594.58,226.54000000000002,26.519999999999982,1,2,1.0
49,3,566.1,608.9,80.03999999999996,20.129999999999995,1,1,1.0
49,4,544.8,627.25,81.53000000000009,25.610000000000014,1,1,1.0
49,5,502.64,613.77,58.23000000000002,15.090000000000032,1,1,1.0
49,6,525.19,627.55,13.909999999999968,12.860000000000014,1,1,1.0
49,7,531.39,638.34,13.909999999999968,12.860000000000014,1,1,1.0
49,1,484.78,592.76,224.89,27.440000000000055,1,2,1.0
50,3,578.8,607.18,63.67000000000007,20.1400000000001,1,1,1.0
50,4,553.37,623.0,85.75999999999999,28.559999999999945,1,1,1.0
50,5,515.7,613.77,45.00999999999999,13.529999999999973,1,1,1.0
50,6,522.89,628.24,13.909999999999968,12.860000000000014,1,1,1.0
50,7,532.71,636.06,19.99000000000001,15.940000000000055,1,1,1.0
50,1,490.48,591.62,218.62,29.08000000000004,1,2,1.0
51,3,570.5,609.51,74.72000000000003,20.139999999999986,1,1,1.0
51,4,560.7,626.0,77.68999999999994,26.200000000000045,1,1,1.0
51,5,522.4,612.82,45.0,13.519999999999982,1,1,1.0
51,6,522.89,627.3,26.110000000000014,13.800000000000068,1,1,1.0
51,7,533.48,636.55,19.019999999999982,15.25,1,1,1.0
51,1,474.32,590.92,230.04000000000002,31.25,1,2,1.0
52,3,599.72,610.82,57.66999999999996,20.129999999999995,1,1,1.0
52,4,573.62,625.74,63.17999999999995,29.159999999999968,1,1,1.0
52,5,530.37,610.9,45.00999999999999,13.529999999999973,1,1,1.0
52,6,521.06,623.6,27.440000000000055,16.809999999999945,1,1,1.0
52,7,532.82,629.03,24.3599999999999,23.33000000000004,1,1,1.0
52,1,471.45,590.02,233.75000000000006,31.379999999999995,1,2,1.0
53,3,601.0,608.74,63.190000000000055,20.129999999999995,1,1,1.0
53,4,583.4,625.95,57.10000000000002,29.34999999999991,1,1,1.0
53,5,532.12,611.22,45.00999999999999,13.529999999999973,1,1,1.0
53,6,522.9,620.62,28.81000000000006,18.17999999999995,1,1,1.0
53,7,531.49,626.66,34.210000000000036,25.639999999999986,1,1,1.0
53,1,470.2,589.17,237.59999999999997,32.33000000000004,1,2,1.0
54,3,603.6,612.49,67.78999999999996,20.129999999999995,1,1,1.0
54,4,584.82,627.2,64.70999999999992,27.66999999999996,1,1,1.0
54,5,535.3,611.22,41.83000000000004,13.529999999999973,1,1,1.0
54,6,524.05,621.99,25.850000000000023,15.210000000000036,1,1,1.0
54,7,530.13,622.93,45.08000000000004,29.74000000000001,1,1,1.0
54,1,467.3,584.68,237.8,38.120000000000005,1,2,1.0
55,3,619.5,612.85,57.67999999999995,20.139999999999986,1,1,1.0
55,4,589.9,628.87,67.87,26.730000000000018,1,1,1.0
55,5,541.79,611.22,40.00999999999999,13.529999999999973,1,1,1.0
55,6,518.19,620.9,32.00999999999999,16.870000000000005,1,1,1.0
55,7,531.7,624.69,55.129999999999995,25.039999999999964,1,1,1.0
55,8,483.84,599.83,23.260000000000048,9.870000000000005,1,1,1.0
55,1,460.31,578.3,243.7,44.80000000000007,1,2,1.0
56,3,624.4,613.59,61.76999999999998,20.129999999999995,1,1,1.0
56,4,599.52,630.1,58.64999999999998,25.970000000000027,1,1,1.0
56,9,497.6,610.36,36.379999999999995,16.779999999999973,1,1,1.0
56,5,541.2,611.06,50.59999999999991,13.530000000000086,1,1,1.0
56,6,521.54,621.82,30.910000000000082,16.8599999999999,1,1,1.0
56,7,534.67,620.83,49.030000000000086,32.66999999999996,1,1,1.0
56,8,483.84,599.01,29.410000000000025,12.690000000000055,1,1,1.0
56,1,459.9,578.6,243.89999999999998,45.19999999999993,1,2,1.0
57,3,621.4,613.34,69.30000000000007,20.129999999999995,1,1,1.0
57,4,599.75,629.46,67.25,26.74000000000001,1,1,1.0
57,9,500.4,612.4,20.110000000000014,15.5,1,1,1.0
57,5,545.18,609.95,50.610000000000014,13.519999999999982,1,1,1.0
57,6,522.2,621.25,32.45999999999992,18.350000000000023,1,1,1.0
57,7,533.91,620.65,58.25,28.32000000000005,1,1,1.0
57,8,483.84,598.2,35.56,15.5,1,1,1.0
57,1,460.42,577.33,245.90000000000003,45.39999999999998,1,2,1.0
58,3,637.0,614.8,51.42999999999995,20.1400000000001,1,1,1.0
58,4,616.02,623.87,50.77999999999997,30.92999999999995,1,1,1.0
58,9,503.2,612.14,20.099999999999966,17.25999999999999,1,1,1.0
58,5,549.33,608.83,50.59999999999991,13.529999999999973,1,1,1.0
58,6,524.1,621.1,30.5,19.799999999999955,1,1,1.0
58,7,537.0,624.16,59.48000000000002,26.639999999999986,1,1,1.0
58,8,484.9,599.96,35.56000000000006,13.539999999999964,1,1,1.0
58,1,457.5,577.7,247.60000000000002,46.299999999999955,1,2,1.0
59,3,638.4,615.58,56.55000000000007,16.41999999999996,1,1,1.0
59,4,623.17,631.74,49.15000000000009,24.100000000000023,1,1,1.0
59,9,496.2,611.89,30.920000000000016,18.31000000000006,1,1,1.0
59,5,549.33,608.83,64.26999999999998,14.469999999999914,1,1,1.0
59,6,526.8,620.11,29.700000000000045,18.68999999999994,1,1,1.0
59,7,539.2,621.46,62.59999999999991,29.659999999999968,1,1,1.0
59,8,481.7,598.55,43.51000000000005,14.25,1,1,1.0
59,1,462.6,578.66,244.5,43.04000000000008,1,2,1.0
60,3,634.9,614.16,60.08000000000004,17.139999999999986,1,1,1.0
60,4,615.5,633.6,57.960000000000036,21.600000000000023,1,1,1.0
60,9,503.73,616.72,25.41999999999996,16.779999999999973,1,1,1.0
60,5,567.98,607.08,46.91999999999996,16.41999999999996,1,1,1.0
60,6,534.38,617.81,30.909999999999968,16.860000000000014,1,1,1.0
60,7,537.58,619.3,69.21999999999991,30.83000000000004,1,1,1.0
60,8,480.12,598.2,47.17999999999995,16.0,1,1,1.0
60,1,462.94,580.62,242.16000000000003,42.379999999999995,1,2,1.0
61,3,647.92,614.18,49.180000000000064,13.120000000000005,1,1,1.0
61,4,622.53,630.9,50.960000000000036,21.99000000000001,1,1,1.0
61,9,505.51,615.45,29.190000000000055,18.309999999999945,1,1,1.0
61,5,576.75,607.24,43.549999999999955,16.559999999999945,1,1,1.0
61,6,532.5,617.8,33.0,18.290000000000077,1,1,1.0
61,7,535.33,621.67,73.46999999999991,28.83000000000004,1,1,1.0
61,8,496.8,599.26,31.72999999999996,16.139999999999986,1,1,1.0
61,1,465.5,582.33,240.0,38.370000000000005,1,2,1.0
62,3,652.08,612.48,47.01999999999998,13.720000000000027,1,1,1.0
62,4,619.2,631.3,58.25,19.600000000000023,1,1,1.0
62,9,505.0,616.0,43.47000000000003,19.840000000000032,1,1,1.0
62,5,582.7,608.0,58.799999999999955,16.600000000000023,1,1,1.0
62,6,538.59,620.2,35.00999999999999,21.75,1,1,1.0
62,7,538.84,618.9,71.60000000000002,29.0,1,1,1.0
62,8,496.8,598.91,31.72999999999996,16.139999999999986,1,1,1.0
62,1,468.1,582.49,227.60000000000002,33.40999999999997,1,2,1.0
63,3,657.28,609.92,37.07000000000005,16.800000000000068,1,1,1.0
63,4,637.9,631.78,38.25,16.120000000000005,1,1,1.0
63,9,509.0,617.5,38.200000000000045,18.850000000000023,1,1,1.0
63,5,578.6,609.9,74.38999999999999,15.649999999999977,1,1,1.0
63,6,537.6,618.73,48.819999999999936,23.470000000000027,1,1,1.0
63,7,557.0,620.0,61.83000000000004,28.100000000000023,1,1,1.0
63,8,506.1,600.84,27.709999999999923,11.959999999999923,1,1,1.0
63,1,485.9,584.02,228.80000000000007,34.48000000000002,1,2,1.0
64,3,658.79,609.47,34.210000000000036,18.829999999999927,1,1,1.0
64,4,641.84,631.47,35.539999999999964,14.549999999999955,1,1,1.0
64,9,511.3,615.72,36.19999999999999,19.779999999999973,1,1,1.0
64,5,601.51,610.39,51.0,15.639999999999986,1,1,1.0
64,6,543.93,620.2,42.270000000000095,18.479999999999905,1,1,1.0
64,7,559.24,618.9,59.75999999999999,28.659999999999968,1,1,1.0
64,8,496.4,600.49,34.24000000000001,13.509999999999991,1,1,1.0
64,1,461.8,582.1,247.40000000000003,33.299999999999955,1,2,1.0
65,3,692.38,610.31,10.32000000000005,11.990000000000009,1,1,1.0
65,4,648.53,627.92,30.460000000000036,16.65000000000009,1,1,1.0
65,9,511.3,615.98,37.02000000000004,21.819999999999936,1,1,1.0
65,5,601.64,608.82,83.36000000000001,16.379999999999995,1,1,1.0
65,6,551.3,615.52,50.5,23.180000000000064,1,1,1.0
65,7,555.33,624.6,71.06999999999994,23.449999999999932,1,1,1.0
65,8,492.9,602.07,41.25999999999999,11.529999999999973,1,1,1.0
65,1,461.95,581.05,254.90000000000003,30.800000000000068,1,2,1.0
66,3,694.05,610.76,12.850000000000023,5.539999999999964,1,1,1.0
66,4,648.53,627.92,29.170000000000073,16.65000000000009,1,1,1.0
66,9,513.49,615.49,38.74000000000001,23.309999999999945,1,1,1.0
66,5,623.8,610.01,66.80000000000007,16.789999999999964,1,1,1.0
66,6,552.9,615.06,50.960000000000036,19.6400000000001,1,1,1.0
66,7,556.64,622.7,65.96000000000004,24.039999999999964,1,1,1.0
66,8,503.6,601.55,37.94999999999993,11.350000000000023,1,1,1.0
66,1,465.7,579.59,251.40000000000003,32.70999999999992,1,2,1.0
67,4,657.0,627.85,23.899999999999977,17.149999999999977,1,1,1.0
67,9,511.1,613.53,43.60000000000002,24.620000000000005,1,1,1.0
67,5,626.69,610.28,65.1099999999999,16.720000000000027,1,1,1.0
67,6,561.6,616.02,55.789999999999964,11.480000000000018,1,1,1.0
67,7,559.51,624.9,69.23000000000002,19.25999999999999,1,1,1.0
67,8,491.8,598.2,42.70999999999998,21.899999999999977,1,1,1.0
67,1,466.9,580.3,251.80000000000007,31.300000000000068,1,2,1.0
68,4,650.72,625.73,31.579999999999927,21.569999999999936,1,1,1.0
68,9,512.7,612.41,44.82999999999993,25.460000000000036,1,1,1.0
68,5,629.58,610.55,64.51999999999998,15.850000000000023,1,1,1.0
68,6,571.76,616.74,61.539999999999964,14.860000000000014,1,1,1.0
68,7,558.12,626.3,84.48000000000002,19.480000000000018,1,1,1.0
68,8,494.79,599.6,51.509999999999934,22.079999999999927,1,1,1.0
68,1,466.7,580.83,251.52000000000004,33.559999999999945,1,2,1.0
69,4,663.17,630.54,19.030000000000086,13.860000000000014,1,1,1.0
69,9,511.3,614.46,56.150000000000034,23.139999999999986,1,1,1.0
69,5,636.11,610.39,60.59000000000003,15.909999999999968,1,1,1.0
69,6,571.55,615.3,60.55000000000007,11.300000000000068,1,1,1.0
69,7,560.79,617.1,85.50999999999999,24.980000000000018,1,1,1.0
69,8,494.79,599.6,54.10999999999996,14.299999999999955,1,1,1.0
69,1,466.8,580.4,252.3,32.39999999999998,1,2,1.0
70,9,512.6,613.66,55.44999999999993,23.74000000000001,1,1,1.0
70,5,643.77,610.71,54.930000000000064,15.389999999999986,1,1,1.0
70,6,586.36,613.67,51.34000000000003,16.860000000000014,1,1,1.0
70,7,561.3,616.37,83.60000000000002,27.730000000000018,1,1,1.0
70,8,496.4,598.54,54.960000000000036,20.360000000000014,1,1,1.0
70,1,461.2,580.65,255.59999999999997,29.950000000000045,1,2,1.0
71,9,515.1,613.22,57.40999999999997,24.779999999999973,1,1,1.0
71,5,654.04,612.02,39.56000000000006,17.480000000000018,1,1,1.0
71,6,604.8,612.0,56.33000000000004,22.970000000000027,1,1,1.0
71,7,573.0,613.5,68.60000000000002,30.700000000000045,1,1,1.0
71,8,524.7,598.72,34.92999999999995,9.079999999999927,1,1,1.0
71,1,461.5,578.6,260.5,30.299999999999955,1,2,1.0
72,9,514.49,610.83,60.210000000000036,28.339999999999918,1,1,1.0
72,5,657.4,611.31,38.10000000000002,16.290000000000077,1,1,1.0
72,6,618.1,618.5,49.97000000000003,18.549999999999955,1,1,1.0
72,7,565.68,613.9,76.0200000000001,28.300000000000068,1,1,1.0
72,8,498.7,599.42,46.329999999999984,20.680000000000064,1,1,1.0
72,1,461.7,579.09,255.3,32.059999999999945,1,2,1.0
73,9,517.07,609.22,61.42999999999995,27.120000000000005,1,1,1.0
73,5,657.35,612.45,30.25,15.549999999999955,1,1,1.0
73,6,626.5,617.5,46.66999999999996,21.809999999999945,1,1,1.0
73,7,580.79,619.7,61.31000000000006,25.0,1,1,1.0
73,8,502.04,598.37,46.329999999999984,20.66999999999996,1,1,1.0
73,1,463.4,579.07,255.42000000000007,32.01999999999998,1,2,1.0
74,9,516.0,608.85,67.52999999999997,27.649999999999977,1,1,1.0
74,5,658.41,612.67,33.79000000000008,14.629999999999995,1,1,1.0
74,6,636.0,617.5,42.370000000000005,25.33000000000004,1,1,1.0
74,7,590.57,623.1,52.42999999999995,22.299999999999955,1,1,1.0
74,8,523.3,595.03,26.480000000000018,10.769999999999982,1,1,1.0
74,1,461.0,578.94,256.65,33.969999999999914,1,2,1.0
75,9,515.3,611.4,73.85000000000002,25.800000000000068,1,1,1.0
75,5,645.56,608.07,44.6400000000001,15.629999999999995,1,1,1.0
75,6,635.2,617.9,41.25999999999999,24.590000000000032,1,1,1.0
75,7,590.0,620.7,44.64999999999998,24.6099999999999,1,1,1.0
75,8,518.0,595.91,25.970000000000027,15.889999999999986,1,1,1.0
75,1,458.7,578.54,257.26000000000005,34.80000000000007,1,2,1.0
76,9,517.0,610.43,78.13,27.270000000000095,1,1,1.0
76,5,659.04,613.26,40.06000000000006,10.740000000000009,1,1,1.0
76,6,630.6,618.2,49.89999999999998,24.120000000000005,1,1,1.0
76,7,586.08,623.73,50.51999999999998,21.870000000000005,1,1,1.0
76,8,529.96,594.85,11.549999999999955,7.600000000000023,1,1,1.0
76,1,456.1,577.99,256.90999999999997,34.549999999999955,1,2,1.0
77,9,526.81,609.64,74.59000000000003,28.190000000000055,1,1,1.0
77,5,660.29,610.9,36.50999999999999,12.200000000000045,1,1,1.0
77,6,631.9,616.0,49.5,26.799999999999955,1,1,1.0
77,7,596.67,625.8,42.430000000000064,21.0,1,1,1.0
77,1,458.2,576.74,264.7,33.059999999999945,1,2,1.0
78,9,530.98,611.06,71.32999999999993,26.090000000000032,1,1,1.0
78,5,667.62,611.29,27.779999999999973,12.509999999999991,1,1,1.0
78,6,643.0,617.7,40.51999999999998,22.559999999999945,1,1,1.0
78,7,601.67,622.0,40.530000000000086,19.090000000000032,1,1,1.0
78,1,460.7,577.19,264.59999999999997,33.6099999999999,1,2,1.0
79,9,531.02,611.07,72.56000000000006,25.409999999999968,1,1,1.0
79,5,678.64,614.35,17.06000000000006,11.149999999999977,1,1,1.0
79,6,635.1,614.8,49.45999999999992,26.530000000000086,1,1,1.0
79,7,607.73,622.8,27.069999999999936,15.480000000000018,1,1,1.0
79,1,461.7,577.56,256.64000000000004,33.91000000000008,1,2,1.0
80,9,534.0,609.97,69.29999999999995,28.610000000000014,1,1,1.0
80,5,685.7,616.1,10.399999999999977,10.090000000000032,1,1,1.0
80,6,640.8,612.2,44.80000000000007,30.199999999999932,1,1,1.0
80,7,614.25,619.8,25.450000000000045,15.920000000000073,1,1,1.0
80,1,455.3,577.38,263.24999999999994,33.870000000000005,1,2,1.0
81,9,541.32,609.3,65.78999999999996,29.870000000000005,1,1,1.0
81,6,651.93,615.9,34.870000000000005,23.600000000000023,1,1,1.0
81,7,620.02,614.3,32.08000000000004,18.08000000000004,1,1,1.0
81,1,455.9,577.87,262.0,31.129999999999995,1,2,1.0
82,9,537.3,608.1,79.11000000000001,31.579999999999927,1,1,1.0
82,10,505.35,610.64,35.65999999999997,14.149999999999977,1,1,1.0
82,6,658.59,614.6,37.00999999999999,22.299999999999955,1,1,1.0
82,7,623.86,612.9,34.43999999999994,23.269999999999982,1,1,1.0
82,1,471.5,579.45,248.10000000000002,29.34999999999991,1,2,1.0
83,9,544.3,609.8,77.23000000000002,29.65000000000009,1,1,1.0
83,10,503.6,613.34,29.360000000000014,12.360000000000014,1,1,1.0
83,6,659.74,617.13,35.360000000000014,19.470000000000027,1,1,1.0
83,7,621.74,611.7,37.65999999999997,24.469999999999914,1,1,1.0
83,1,464.47,579.74,262.53,26.059999999999945,1,2,1.0
84,9,541.1,610.0,84.57999999999993,29.720000000000027,1,1,1.0
84,10,518.6,611.61,17.279999999999973,10.990000000000009,1,1,1.0
84,6,655.4,614.2,36.0,22.399999999999977,1,1,1.0
84,7,625.64,614.0,28.56000000000006,23.360000000000014,1,1,1.0
84,1,460.5,579.51,268.79999999999995,26.690000000000055,1,2,1.0
85,9,546.2,609.0,82.13,30.299999999999955,1,1,1.0
85,10,510.2,609.2,27.150000000000034,17.0,1,1,1.0
85,6,665.38,614.44,32.41999999999996,20.8599999999999,1,1,1.0
85,7,635.54,613.1,28.06000000000006,25.019999999999982,1,1,1.0
85,1,467.0,579.2,259.49,26.809999999999945,1,2,1.0
86,9,552.25,610.9,77.0,27.950000000000045,1,1,1.0
86,10,509.9,616.52,18.07000000000005,9.279999999999973,1,1,1.0
86,6,669.38,622.64,20.120000000000005,14.460000000000036,1,1,1.0
86,7,638.18,611.9,61.32000000000005,16.529999999999973,1,1,1.0
86,1,468.47,578.1,262.78,25.709999999999923,1,2,1.0
87,9,551.94,611.13,92.95999999999992,28.230000000000018,1,1,1.0
87,10,507.9,614.02,26.159999999999968,13.180000000000064,1,1,1.0
87,6,673.06,626.33,12.240000000000009,9.969999999999914,1,1,1.0
87,7,646.3,610.05,56.47000000000003,18.25,1,1,1.0
87,1,469.58,581.0,258.02000000000004,25.899999999999977,1,2,1.0
88,9,552.7,609.9,93.17999999999995,30.340000000000032,1,1,1.0
88,10,512.11,613.1,27.67999999999995,15.68999999999994,1,1,1.0
88,7,651.0,610.59,51.950000000000045,16.409999999999968,1,1,1.0
88,1,473.46,581.18,254.63000000000005,29.720000000000027,1,2,1.0
89,9,555.17,608.2,98.10000000000002,30.209999999999923,1,1,1.0
89,10,513.5,614.74,29.980000000000018,16.25999999999999,1,1,1.0
89,7,654.91,610.44,43.889999999999986,17.459999999999923,1,1,1.0
89,1,477.7,582.02,251.70999999999998,27.940000000000055,1,2,1.0
90,9,558.5,611.86,90.86000000000001,25.16999999999996,1,1,1.0
90,10,510.6,614.54,38.0,18.06000000000006,1,1,1.0
90,7,659.71,609.23,42.68999999999994,18.769999999999982,1,1,1.0
90,1,478.19,582.24,249.59999999999997,28.0,1,2,1.0
91,9,554.05,606.9,100.5200000000001,28.49000000000001,1,1,1.0
91,10,512.1,616.01,37.22000000000003,16.590000000000032,1,1,1.0
91,7,658.35,609.0,43.94999999999993,18.0,1,1,1.0
91,1,484.23,582.97,242.27999999999997,30.319999999999936,1,2,1.0
92,9,582.5,606.6,72.53999999999996,29.409999999999968,1,1,1.0
92,10,515.15,616.11,42.85000000000002,21.18999999999994,1,1,1.0
92,7,660.47,610.39,40.92999999999995,18.610000000000014,1,1,1.0
92,1,473.32,582.19,257.21,30.17999999999995,1,2,1.0
93,9,582.0,606.5,77.86000000000001,29.340000000000032,1,1,1.0
93,10,511.2,617.7,47.12000000000006,22.699999999999932,1,1,1.0
93,7,667.24,613.6,31.159999999999968,15.699999999999932,1,1,1.0
93,1,479.69,582.09,250.45,30.709999999999923,1,2,1.0
94,9,585.1,607.6,76.90999999999997,28.17999999999995,1,1,1.0
94,10,520.8,616.56,39.520000000000095,21.040000000000077,1,1,1.0
94,7,679.72,614.07,21.779999999999973,8.829999999999927,1,1,1.0
94,1,480.65,581.62,255.57000000000005,30.74000000000001,1,2,1.0
95,9,593.79,608.9,73.62,27.629999999999995,1,1,1.0
95,10,526.0,616.11,40.47000000000003,20.590000000000032,1,1,1.0
95,7,684.43,615.96,13.770000000000095,9.740000000000009,1,1,1.0
95,1,479.98,582.39,251.24,29.720000000000027,1,2,1.0
96,9,595.0,608.0,80.17999999999995,27.440000000000055,1,1,1.0
96,10,527.0,615.77,41.35000000000002,24.529999999999973,1,1,1.0
96,7,687.5,611.48,15.899999999999977,10.419999999999959,1,1,1.0
96,1,486.98,582.9,244.44999999999993,29.99000000000001,1,2,1.0
97,9,599.1,608.8,80.14999999999998,27.3900000000001,1,1,1.0
97,10,527.8,617.8,49.32000000000005,23.90000000000009,1,1,1.0
97,7,696.68,607.95,11.920000000000073,9.449999999999932,1,1,1.0
97,1,481.21,583.81,250.00000000000006,28.540000000000077,1,2,1.0
98,9,611.4,611.9,68.25999999999999,24.590000000000032,1,1,1.0
98,10,523.6,617.49,58.99000000000001,24.309999999999945,1,1,1.0
98,7,702.1,607.48,9.100000000000023,7.319999999999936,1,1,1.0
98,1,486.28,582.77,250.23000000000002,30.00999999999999,1,2,1.0
99,9,614.3,611.64,69.00999999999999,25.960000000000036,1,1,1.0
99,11,513.55,621.1,15.990000000000009,13.319999999999936,1,1,1.0
99,10,524.3,618.46,69.72000000000003,26.039999999999964,1,1,1.0
99,7,703.04,604.41,9.100000000000023,7.330000000000041,1,1,1.0
99,1,491.89,583.05,240.35000000000002,31.200000000000045,1,2,1.0
100,9,615.5,612.53,74.63999999999999,25.050000000000068,1,1,1.0
100,11,516.83,623.35,15.979999999999905,13.319999999999936,1,1,1.0
100,10,530.3,618.06,62.120000000000005,27.24000000000001,1,1,1.0
100,1,494.36,586.68,239.94999999999993,29.260000000000105,1,2,1.0
101,9,633.2,616.8,58.75,21.910000000000082,1,1,1.0
101,11,519.7,624.99,15.979999999999905,13.319999999999936,1,1,1.0
101,10,531.9,619.63,68.45000000000005,27.870000000000005,1,1,1.0
101,1,499.29,584.53,234.35999999999996,33.629999999999995,1,2,1.0
102,9,637.39,616.7,57.05000000000007,20.84999999999991,1,1,1.0
102,12,540.81,647.74,12.5,9.840000000000032,1,1,1.0
102,11,521.08,625.46,24.039999999999964,15.25,1,1,1.0
102,10,538.9,619.24,67.35000000000002,24.360000000000014,1,1,1.0
102,1,497.05,584.33,238.24999999999994,38.08999999999992,1,2,1.0
103,9,641.5,616.7,53.200000000000045,21.899999999999977,1,1,1.0
103,12,542.85,645.44,15.529999999999973,15.25,1,1,1.0
103,11,521.04,625.97,22.50999999999999,15.829999999999927,1,1,1.0
103,10,542.0,619.86,76.22000000000003,24.840000000000032,1,1,1.0
103,1,508.83,589.89,218.86000000000007,34.51999999999998,1,2,1.0
104,9,643.7,617.6,50.16999999999996,18.99000000000001,1,1,1.0
104,12,543.9,643.16,19.82000000000005,17.74000000000001,1,1,1.0
104,11,521.0,626.48,20.980000000000018,16.41999999999996,1,1,1.0
104,10,537.6,619.84,79.61000000000001,26.059999999999945,1,1,1.0
104,1,508.13,590.27,216.75,33.35000000000002,1,2,1.0
105,9,651.33,617.81,39.469999999999914,18.290000000000077,1,1,1.0
105,12,544.2,644.93,23.329999999999927,17.470000000000027,1,1,1.0
105,11,521.4,627.1,22.899999999999977,16.0,1,1,1.0
105,10,556.6,619.18,77.69999999999993,25.520000000000095,1,1,1.0
105,1,506.91,588.94,224.33999999999997,39.68999999999994,1,2,1.0
106,9,654.26,617.48,34.74000000000001,18.019999999999982,1,1,1.0
106,12,544.5,646.21,31.66999999999996,18.68999999999994,1,1,1.0
106,11,522.3,626.29,27.57000000000005,16.31000000000006,1,1,1.0
106,10,559.22,620.4,70.57999999999993,26.57000000000005,1,1,1.0
106,1,509.68,590.03,223.47999999999996,33.210000000000036,1,2,1.0
107,9,656.38,621.65,29.620000000000005,16.850000000000023,1,1,1.0
107,12,543.8,645.86,38.30000000000007,22.24000000000001,1,1,1.0
107,11,524.2,625.82,31.620000000000005,15.979999999999905,1,1,1.0
107,10,558.6,618.68,75.63,26.520000000000095,1,1,1.0
107,1,507.55,587.37,223.02000000000004,39.66999999999996,1,2,1.0
108,9,670.87,627.75,12.029999999999973,10.75,1,1,1.0
108,12,548.0,642.64,35.210000000000036,26.659999999999968,1,1,1.0
108,11,523.76,623.41,40.190000000000055,23.389999999999986,1,1,1.0
108,10,568.62,622.53,75.67999999999995,22.470000000000027,1,1,1.0
108,1,501.5,590.72,229.65999999999997,33.67999999999995,1,2,1.0
109,12,546.9,640.47,41.59000000000003,28.629999999999995,1,1,1.0
109,11,524.88,622.82,37.82000000000005,23.389999999999986,1,1,1.0
109,10,584.25,619.68,68.35000000000002,24.82000000000005,1,1,1.0
109,1,509.27,593.53,215.22000000000003,31.529999999999973,1,2,1.0
110,12,554.93,637.49,44.879999999999995,30.450000000000045,1,1,1.0
110,11,523.31,627.58,37.8900000000001,16.120000000000005,1,1,1.0
110,10,578.4,619.42,79.20000000000005,22.720000000000027,1,1,1.0
110,1,512.68,594.27,210.10000000000002,33.52999999999997,1,2,1.0
111,12,555.46,635.0,46.139999999999986,35.0,1,1,1.0
111,11,524.54,621.9,54.56000000000006,21.700000000000045,1,1,1.0
111,10,594.54,623.2,69.66000000000008,23.799999999999955,1,1,1.0
111,1,508.29,595.31,216.10999999999996,33.270000000000095,1,2,1.0
112,12,558.17,636.22,51.25999999999999,28.92999999999995,1,1,1.0
112,11,536.27,620.14,52.52999999999997,20.25999999999999,1,1,1.0
112,10,601.64,623.63,69.25999999999999,19.269999999999982,1,1,1.0
112,1,504.64,599.42,212.93000000000006,29.410000000000082,1,2,1.0
113,12,553.1,635.79,66.52999999999997,29.590000000000032,1,1,1.0
113,11,554.15,618.38,52.54000000000008,20.25999999999999,1,1,1.0
113,10,613.72,624.61,64.27999999999997,18.789999999999964,1,1,1.0
113,1,500.95,601.31,215.06,26.010000000000105,1,2,1.0
114,12,560.07,633.83,69.94999999999993,31.649999999999977,1,1,1.0
114,11,549.8,619.0,58.60000000000002,25.5,1,1,1.0
114,10,614.3,627.3,69.00999999999999,17.300000000000068,1,1,1.0
114,1,497.25,602.42,209.01,23.800000000000068,1,2,1.0
115,12,567.74,635.31,78.36000000000001,26.120000000000005,1,1,1.0
115,11,557.6,632.8,21.0,10.800000000000068,1,1,1.0
115,10,632.24,627.4,52.15999999999997,15.509999999999991,1,1,1.0
115,1,492.43,602.43,212.86999999999995,24.8900000000001,1,2,1.0
116,12,571.21,636.24,85.94999999999993,29.960000000000036,1,1,1.0
116,10,643.2,631.21,36.45999999999992,13.789999999999964,1,1,1.0
116,1,485.06,601.32,216.83999999999997,24.629999999999995,1,2,1.0
117,13,504.56,616.59,17.69999999999999,11.039999999999964,1,1,1.0
117,12,600.0,636.19,61.0,21.309999999999945,1,1,1.0
117,10,654.69,631.2,25.909999999999968,11.879999999999995,1,1,1.0
117,1,497.59,602.83,200.58999999999997,22.899999999999977,1,2,1.0
118,13,505.7,616.83,20.329999999999984,12.870000000000005,1,1,1.0
118,12,599.59,632.3,65.20999999999992,24.90000000000009,1,1,1.0
118,10,664.33,631.2,18.66999999999996,12.219999999999914,1,1,1.0
118,1,490.89,602.55,204.48000000000002,23.200000000000045,1,2,1.0
119,13,504.5,613.76,27.41999999999996,15.940000000000055,1,1,1.0
119,12,610.1,636.7,50.94999999999993,21.479999999999905,1,1,1.0
119,1,485.74,600.83,211.51999999999998,28.74000000000001,1,2,1.0
120,13,502.9,613.06,36.32000000000005,18.040000000000077,1,1,1.0
120,12,632.45,641.07,28.34999999999991,16.329999999999927,1,1,1.0
120,1,486.66,597.87,202.07,32.92999999999995,1,2,1.0
121,13,504.5,609.05,43.90999999999997,20.15000000000009,1,1,1.0
121,12,636.81,644.57,23.790000000000077,13.329999999999927,1,1,1.0
121,1,480.15,593.45,207.37,39.559999999999945,1,2,1.0
122,13,491.8,607.64,63.19999999999999,22.75999999999999,1,1,1.0
122,1,466.61,586.72,219.12,49.69999999999993,1,2,1.0
123,13,497.22,605.28,63.19999999999993,22.75999999999999,1,1,1.0
123,1,454.37,578.46,230.03999999999996,58.95999999999992,1,2,1.0
124,13,497.6,604.92,66.79999999999995,21.480000000000018,1,1,1.0
124,1,460.73,579.08,220.22000000000003,58.77999999999997,1,2,1.0
125,13,489.0,601.75,81.32000000000005,25.950000000000045,1,1,1.0
125,1,452.18,576.27,228.36999999999995,61.55000000000007,1,2,1.0
126,13,532.6,603.87,41.01999999999998,23.629999999999995,1,1,1.0
126,14,488.72,603.56,43.35000000000002,19.510000000000105,1,1,1.0
126,1,450.22,575.78,232.07999999999993,61.52999999999997,1,2,1.0
127,13,533.3,606.0,40.79000000000008,23.200000000000045,1,1,1.0
127,14,491.76,603.56,36.50999999999999,18.5,1,1,1.0
127,1,446.89,573.91,234.11,64.14999999999998,1,2,1.0
128,13,533.5,606.93,49.700000000000045,21.170000000000073,1,1,1.0
128,14,495.1,603.31,36.20999999999992,19.49000000000001,1,1,1.0
128,1,456.76,577.15,225.29999999999995,61.92000000000007,1,2,1.0
129,13,531.91,610.17,55.75999999999999,20.550000000000068,1,1,1.0
129,14,497.6,603.31,33.20999999999992,21.290000000000077,1,1,1.0
129,1,458.61,578.85,220.92999999999995,58.68999999999994,1,2,1.0
130,13,529.9,611.15,63.59000000000003,20.200000000000045,1,1,1.0
130,14,498.1,609.13,28.909999999999968,15.769999999999982,1,1,1.0
130,1,460.23,578.36,219.71000000000004,60.360000000000014,1,2,1.0
131,13,531.95,611.43,68.15999999999997,22.020000000000095,1,1,1.0
131,14,499.9,605.84,22.800000000000068,19.360000000000014,1,1,1.0
131,1,456.35,577.91,224.06999999999994,59.59000000000003,1,2,1.0
132,13,539.72,611.47,55.27999999999997,20.029999999999973,1,1,1.0
132,14,502.2,602.8,28.099999999999966,22.700000000000045,1,1,1.0
132,1,457.05,575.97,223.91000000000003,63.95999999999992,1,2,1.0
133,13,544.21,611.19,56.49000000000001,20.709999999999923,1,1,1.0
133,14,500.9,609.64,22.31000000000006,14.860000000000014,1,1,1.0
133,1,454.56,578.8,228.7,59.04000000000008,1,2,1.0
134,13,549.74,612.1,62.059999999999945,17.699999999999932,1,1,1.0
134,14,500.4,611.42,15.960000000000036,12.780000000000086,1,1,1.0
134,1,458.53,581.48,220.99,55.57999999999993,1,2,1.0
135,13,556.57,615.92,50.629999999999995,15.180000000000064,1,1,1.0
135,14,508.5,618.76,13.950000000000045,13.539999999999964,1,1,1.0
135,1,455.78,578.18,224.77999999999997,60.190000000000055,1,2,1.0
136,13,550.98,615.59,65.12,15.709999999999923,1,1,1.0
136,14,516.6,623.83,10.659999999999968,10.969999999999914,1,1,1.0
136,1,456.33,575.58,230.42000000000002,63.879999999999995,1,2,1.0
137,13,585.93,619.49,30.670000000000073,12.909999999999968,1,1,1.0
137,1,457.77,575.44,228.64999999999998,64.25,1,2,1.0
138,13,591.05,620.88,23.25,12.919999999999959,1,1,1.0
138,1,454.41,576.58,230.86999999999995,63.639999999999986,1,2,1.0
139,13,600.26,625.86,22.74000000000001,11.139999999999986,1,1,1.0
139,1,460.67,576.79,226.27000000000004,62.860000000000014,1,2,1.0
140,1,458.19,574.67,227.83999999999997,64.00999999999999,1,2,1.0
141,1,457.22,575.93,227.53999999999996,63.430000000000064,1,2,1.0
142,1,465.05,579.96,219.69,59.73000000000002,1,2,1.0
143,1,470.19,583.11,213.64000000000004,56.069999999999936,1,2,1.0
144,1,474.57,589.28,209.09999999999997,50.120000000000005,1,2,1.0
145,1,474.63,590.7,208.53999999999996,47.75,1,2,1.0
146,1,477.01,593.41,205.61,44.84000000000003,1,2,1.0
147,1,477.16,594.07,205.23999999999995,43.479999999999905,1,2,1.0
148,1,486.31,597.28,197.06,41.75999999999999,1,2,1.0
149,1,487.45,600.65,194.82999999999998,37.01999999999998,1,2,1.0
150,1,489.84,601.53,193.57999999999998,35.89999999999998,1,2,1.0
151,1,493.12,603.09,192.74,34.889999999999986,1,2,1.0
152,1,494.2,604.03,190.03000000000003,34.879999999999995,1,2,1.0
153,1,494.2,604.03,190.03000000000003,34.879999999999995,1,2,1.0
154,1,494.86,606.96,196.28999999999996,30.120000000000005,1,2,1.0
155,1,492.69,605.94,191.19,30.629999999999995,1,2,1.0
156,1,490.95,607.37,198.69,27.610000000000014,1,2,1.0
157,1,490.69,607.31,197.18,28.160000000000082,1,2,1.0
158,1,491.12,607.38,196.76,27.82000000000005,1,2,1.0
159,1,488.48,606.79,199.76999999999998,26.99000000000001,1,2,1.0
160,1,495.1,609.13,196.30999999999995,25.379999999999995,1,2,1.0
161,1,494.47,608.0,192.51,26.33000000000004,1,2,1.0
162,1,489.8,607.94,198.32999999999998,25.92999999999995,1,2,1.0
163,1,488.57,608.29,199.23999999999995,26.56000000000006,1,2,1.0
164,1,489.54,607.9,196.00999999999993,26.629999999999995,1,2,1.0
165,1,488.74,607.81,199.17999999999995,26.910000000000082,1,2,1.0
166,1,494.73,608.83,195.46000000000004,24.620000000000005,1,2,1.0
167,1,494.99,609.11,192.0,23.100000000000023,1,2,1.0
168,1,494.37,609.07,196.38,25.16999999999996,1,2,1.0
169,1,494.08,608.29,196.03000000000003,25.160000000000082,1,2,1.0
170,1,494.08,608.29,196.03000000000003,25.160000000000082,1,2,1.0
171,1,494.81,608.86,195.82,24.149999999999977,1,2,1.0
172,1,495.53,609.42,195.62,23.160000000000082,1,2,1.0
173,1,496.26,609.99,195.40999999999997,22.149999999999977,1,2,1.0
174,1,496.31,609.21,195.11999999999995,25.949999999999932,1,2,1.0
175,1,495.51,609.53,197.94000000000005,23.870000000000005,1,2,1.0
176,1,493.93,609.85,196.65000000000003,22.5,1,2,1.0
177,1,493.55,608.63,198.93,25.730000000000018,1,2,1.0
178,1,493.66,609.05,195.60999999999996,24.410000000000082,1,2,1.0
179,1,497.28,608.99,194.55000000000007,24.409999999999968,1,2,1.0
180,1,495.4,608.12,195.89,24.379999999999995,1,2,1.0
181,1,496.76,608.46,194.89999999999998,24.120000000000005,1,2,1.0
182,1,497.44,608.95,196.81,25.17999999999995,1,2,1.0
183,1,495.32,608.04,196.66000000000003,26.879999999999995,1,2,1.0
184,1,494.12,608.6,198.47000000000003,24.41999999999996,1,2,1.0
185,1,496.23,607.85,197.12,25.949999999999932,1,2,1.0
186,1,493.15,607.29,200.17000000000007,25.40000000000009,1,2,1.0
187,1,492.6,607.87,201.60000000000002,25.789999999999964,1,2,1.0
188,1,495.33,607.99,197.36000000000007,26.519999999999982,1,2,1.0
189,1,491.61,607.38,198.51,28.110000000000014,1,2,1.0
190,1,495.53,607.34,196.38,26.549999999999955,1,2,1.0
191,1,495.44,607.48,198.77000000000004,26.66999999999996,1,2,1.0
192,1,494.89,607.85,198.16999999999996,24.980000000000018,1,2,1.0
193,1,497.66,606.99,198.51999999999992,25.24000000000001,1,2,1.0
194,1,495.14,607.72,197.63,25.129999999999995,1,2,1.0
195,1,494.5,608.31,199.60000000000002,23.980000000000018,1,2,1.0
196,1,500.18,608.49,192.94,24.840000000000032,1,2,1.0
197,1,497.08,608.16,196.11000000000007,24.58000000000004,1,2,1.0
198,1,500.11,608.64,192.60000000000002,23.899999999999977,1,2,1.0
199,1,499.75,608.68,193.97000000000003,24.57000000000005,1,2,1.0
200,1,501.13,607.64,195.99,23.31000000000006,1,2,1.0
201,1,500.44,608.43,195.81,21.970000000000027,1,2,1.0
202,1,497.57,609.1,198.77000000000004,22.00999999999999,1,2,1.0
203,1,497.25,608.65,196.97000000000003,21.860000000000014,1,2,1.0
204,1,496.59,607.82,199.01000000000005,24.42999999999995,1,2,1.0
205,1,499.58,609.28,197.83999999999997,24.350000000000023,1,2,1.0
206,1,495.29,608.61,203.17000000000002,23.409999999999968,1,2,1.0
207,1,496.9,609.16,202.55000000000007,21.75,1,2,1.0
208,1,498.32,608.71,204.02000000000004,22.079999999999927,1,2,1.0
209,1,500.63,609.02,200.89999999999998,22.74000000000001,1,2,1.0
210,1,500.86,609.38,201.06999999999994,23.460000000000036,1,2,1.0
211,1,495.91,609.61,205.78000000000003,22.710000000000036,1,2,1.0
212,1,501.28,609.69,203.89,21.6099999999999,1,2,1.0
213,1,496.56,610.06,201.58999999999997,23.200000000000045,1,2,1.0
214,1,500.02,607.98,195.93000000000006,26.17999999999995,1,2,1.0
215,1,493.62,607.62,203.43999999999994,27.66999999999996,1,2,1.0
216,1,495.75,606.25,188.61,28.360000000000014,1,2,1.0
217,1,486.81,601.77,203.71999999999997,32.629999999999995,1,2,1.0
218,1,484.24,601.17,202.48000000000002,34.180000000000064,1,2,1.0
219,1,482.95,600.93,204.16000000000003,34.56000000000006,1,2,1.0
220,1,484.24,595.74,200.90999999999997,42.809999999999945,1,2,1.0
221,1,475.81,597.36,205.89000000000004,39.569999999999936,1,2,1.0
222,1,477.2,595.2,207.09999999999997,43.44999999999993,1,2,1.0
223,1,478.41,595.05,205.38999999999993,43.66000000000008,1,2,1.0
224,1,481.39,596.44,201.15999999999997,41.93999999999994,1,2,1.0
225,1,484.51,594.9,196.36,43.370000000000005,1,2,1.0
226,1,477.62,596.63,205.29999999999995,41.360000000000014,1,2,1.0
227,1,481.8,599.2,202.48999999999995,39.0,1,2,1.0
228,1,485.2,599.32,199.56,38.34999999999991,1,2,1.0
229,1,488.45,601.7,197.14000000000004,35.049999999999955,1,2,1.0
230,1,482.7,600.54,206.58999999999997,34.25,1,2,1.0
231,1,487.12,603.0,200.76999999999998,30.090000000000032,1,2,1.0
232,1,489.42,602.51,199.38999999999993,30.75,1,2,1.0
233,1,488.19,603.64,199.38000000000005,28.470000000000027,1,2,1.0
234,1,493.23,605.26,196.69999999999993,29.610000000000014,1,2,1.0
235,1,486.39,605.32,201.99,26.799999999999955,1,2,1.0
236,1,492.23,603.5,201.99,26.799999999999955,1,2,1.0
237,1,494.05,606.48,199.34999999999997,26.17999999999995,1,2,1.0
238,1,494.05,606.48,199.34999999999997,26.17999999999995,1,2,1.0
239,1,493.91,606.54,200.38999999999993,25.06000000000006,1,2,1.0
240,1,493.76,606.6,197.12,24.66999999999996,1,2,1.0
241,1,494.8,605.39,199.70999999999998,25.300000000000068,1,2,1.0
242,1,491.11,606.0,204.46000000000004,24.600000000000023,1,2,1.0
243,1,491.29,604.7,206.78000000000003,25.09999999999991,1,2,1.0
244,1,491.45,605.89,208.52000000000004,22.66999999999996,1,2,1.0
245,1,489.48,605.14,214.78999999999996,23.659999999999968,1,2,1.0
246,1,492.63,605.05,204.65999999999997,24.06000000000006,1,2,1.0
247,1,487.33,604.27,213.51000000000005,24.590000000000032,1,2,1.0
248,1,489.78,605.37,210.79000000000008,21.529999999999973,1,2,1.0
249,1,490.85,605.17,213.44999999999993,21.950000000000045,1,2,1.0
250,1,492.62,604.04,211.25,21.83000000000004,1,2,1.0
251,1,493.27,605.16,210.76,22.269999999999982,1,2,1.0
252,1,490.7,604.85,211.83999999999997,21.68999999999994,1,2,1.0
253,1,493.98,605.21,210.68999999999994,21.569999999999936,1,2,1.0
254,1,495.66,604.36,211.83999999999997,21.319999999999936,1,2,1.0
255,1,492.52,604.79,215.14999999999998,20.440000000000055,1,2,1.0
256,1,492.83,604.82,213.69,22.269999999999982,1,2,1.0
257,1,492.59,604.85,211.69,21.879999999999995,1,2,1.0
258,1,490.79,605.74,215.09999999999997,21.389999999999986,1,2,1.0
259,1,488.92,604.39,219.82,22.730000000000018,1,2,1.0
260,1,488.65,604.78,219.22000000000003,22.200000000000045,1,2,1.0
261,1,490.42,605.84,215.66000000000003,23.129999999999995,1,2,1.0
262,1,493.58,604.77,211.18,22.659999999999968,1,2,1.0
263,1,495.68,605.8,212.66000000000003,21.430000000000064,1,2,1.0
264,1,495.07,605.44,209.33999999999997,22.41999999999996,1,2,1.0
265,1,493.79,606.28,210.92000000000002,22.269999999999982,1,2,1.0
266,1,495.87,605.2,210.35000000000002,23.620000000000005,1,2,1.0
267,1,492.21,606.1,214.27000000000004,22.17999999999995,1,2,1.0
268,1,495.28,605.95,206.56000000000006,22.769999999999982,1,2,1.0
269,1,497.04,606.46,202.97999999999996,21.67999999999995,1,2,1.0
270,1,498.17,606.39,202.53000000000003,22.75,1,2,1.0
271,1,496.54,606.63,204.09999999999997,21.730000000000018,1,2,1.0
272,1,494.34,608.01,208.75000000000006,21.789999999999964,1,2,1.0
273,1,494.34,607.71,206.33999999999997,21.00999999999999,1,2,1.0
274,1,498.02,608.11,205.05000000000007,21.610000000000014,1,2,1.0
275,1,500.62,608.63,198.68999999999994,22.33000000000004,1,2,1.0
276,1,494.84,607.66,202.95,21.129999999999995,1,2,1.0
277,1,498.87,608.09,199.84000000000003,22.16999999999996,1,2,1.0
278,1,493.46,607.67,203.07999999999998,20.730000000000018,1,2,1.0
279,1,493.22,607.56,208.97000000000003,22.350000000000023,1,2,1.0
280,1,496.12,607.32,205.82000000000005,21.719999999999914,1,2,1.0
281,1,497.18,606.35,204.82999999999998,23.519999999999982,1,2,1.0
282,1,498.01,606.59,204.49,23.019999999999982,1,2,1.0
283,1,496.31,607.37,205.85999999999996,21.769999999999982,1,2,1.0
284,1,495.82,607.43,204.3,20.99000000000001,1,2,1.0
285,1,493.38,606.61,204.96000000000004,21.710000000000036,1,2,1.0
286,1,491.79,606.56,209.95999999999998,21.980000000000018,1,2,1.0
287,1,497.09,607.97,205.83999999999997,23.389999999999986,1,2,1.0
288,1,494.78,606.98,208.86,21.75,1,2,1.0
289,1,491.88,607.18,210.01,22.030000000000086,1,2,1.0
290,1,492.17,606.09,207.97999999999996,22.329999999999927,1,2,1.0
291,1,495.83,606.29,204.57999999999998,22.590000000000032,1,2,1.0
292,1,492.24,606.56,207.84000000000003,22.3900000000001,1,2,1.0
293,1,491.07,606.07,210.43,22.709999999999923,1,2,1.0
294,1,492.61,605.4,207.64,24.190000000000055,1,2,1.0
295,1,494.5,605.85,205.60000000000002,22.579999999999927,1,2,1.0
296,1,492.38,605.49,210.90999999999997,22.899999999999977,1,2,1.0
297,1,490.15,605.96,208.96000000000004,23.709999999999923,1,2,1.0
298,1,492.05,605.63,208.28000000000003,22.91999999999996,1,2,1.0
299,1,494.05,606.21,204.31,21.68999999999994,1,2,1.0
300,1,493.93,606.0,208.82,22.0,1,2,1.0
301,1,492.06,605.36,212.05,22.299999999999955,1,2,1.0
302,1,494.32,605.55,208.43,22.420000000000073,1,2,1.0
303,1,493.95,605.86,208.41000000000003,22.25,1,2,1.0
304,1,493.71,606.35,207.86000000000007,21.67999999999995,1,2,1.0
305,1,493.93,605.18,207.64000000000004,22.56000000000006,1,2,1.0
306,1,492.04,605.62,206.43,22.840000000000032,1,2,1.0
307,1,496.41,606.78,202.79000000000002,22.600000000000023,1,2,1.0
308,1,495.66,606.42,205.32,23.120000000000005,1,2,1.0
309,1,496.24,606.49,204.58000000000004,23.83000000000004,1,2,1.0
310,1,494.6,606.15,206.99,22.220000000000027,1,2,1.0
311,1,489.86,606.45,213.13,22.779999999999973,1,2,1.0
312,1,491.03,605.7,206.17000000000007,23.8599999999999,1,2,1.0
313,1,499.29,606.1,201.76999999999992,22.049999999999955,1,2,1.0
314,1,491.2,605.79,203.64000000000004,23.75999999999999,1,2,1.0
315,1,491.86,605.74,209.62,22.779999999999973,1,2,1.0
316,1,490.72,606.16,211.52999999999997,21.450000000000045,1,2,1.0
317,1,491.29,606.93,209.84999999999997,21.930000000000064,1,2,1.0
318,1,497.1,607.03,200.72000000000003,23.889999999999986,1,2,1.0
319,1,493.63,605.94,210.42999999999995,22.319999999999936,1,2,1.0
320,1,492.34,606.08,207.23000000000008,22.799999999999955,1,2,1.0
321,1,489.44,605.59,211.42000000000002,23.75999999999999,1,2,1.0
322,1,493.6,605.64,208.57999999999993,22.220000000000027,1,2,1.0
323,1,493.62,604.8,205.71000000000004,24.629999999999995,1,2,1.0
324,1,494.58,605.24,211.56,23.069999999999936,1,2,1.0
325,1,496.23,606.16,204.26999999999998,22.07000000000005,1,2,1.0
326,1,492.2,605.75,209.72999999999996,22.409999999999968,1,2,1.0
327,1,493.87,605.84,210.0,22.129999999999995,1,2,1.0
328,1,493.2,605.79,208.87000000000006,23.340000000000032,1,2,1.0
329,1,498.47,606.07,205.11,22.399999999999977,1,2,1.0
330,1,500.0,606.26,201.94000000000005,22.690000000000055,1,2,1.0
331,1,494.09,605.93,208.89000000000004,22.360000000000014,1,2,1.0
332,1,495.71,606.81,206.40000000000003,20.680000000000064,1,2,1.0
333,1,501.31,606.57,201.52000000000004,21.409999999999968,1,2,1.0
334,1,498.38,606.32,206.39999999999998,22.319999999999936,1,2,1.0
335,1,496.29,606.31,206.69,21.58000000000004,1,2,1.0
336,1,493.83,605.99,208.97999999999996,21.840000000000032,1,2,1.0
337,1,495.49,605.89,206.21000000000004,22.519999999999982,1,2,1.0
338,1,493.67,605.97,209.40000000000003,21.889999999999986,1,2,1.0
339,1,498.72,606.77,202.89999999999998,22.00999999999999,1,2,1.0
340,1,494.19,605.8,207.52000000000004,21.850000000000023,1,2,1.0
341,1,498.2,607.5,203.22999999999996,21.190000000000055,1,2,1.0
342,1,497.16,607.74,202.53000000000003,21.25,1,2,1.0
343,1,497.64,606.34,204.36,22.769999999999982,1,2,1.0
344,1,493.57,607.25,205.54000000000002,21.899999999999977,1,2,1.0
345,1,501.53,607.63,197.99,20.25,1,2,1.0
346,1,498.45,608.27,205.89000000000004,22.180000000000064,1,2,1.0
347,1,499.58,607.27,200.72999999999996,21.379999999999995,1,2,1.0
348,1,498.56,607.04,201.84999999999997,21.81000000000006,1,2,1.0
349,1,498.87,607.92,201.38,20.920000000000073,1,2,1.0
350,1,497.95,607.32,206.39000000000004,22.489999999999895,1,2,1.0
351,1,500.63,606.26,199.67999999999995,22.340000000000032,1,2,1.0
352,1,496.66,607.29,201.19,21.220000000000027,1,2,1.0
353,1,494.02,606.57,209.15999999999997,22.0,1,2,1.0
354,1,499.64,606.58,206.62,21.649999999999977,1,2,1.0
355,1,490.39,605.29,212.60000000000002,22.269999999999982,1,2,1.0
356,1,490.69,605.14,212.23999999999995,22.039999999999964,1,2,1.0
357,1,489.2,604.73,216.46999999999997,20.24000000000001,1,2,1.0
358,1,491.32,603.81,209.97999999999996,20.410000000000082,1,2,1.0
359,1,492.37,604.06,213.67999999999995,20.25,1,2,1.0
360,1,486.99,603.2,220.51999999999998,20.09999999999991,1,2,1.0
361,1,491.22,603.62,217.06999999999994,20.00999999999999,1,2,1.0
362,1,487.51,602.51,223.22000000000003,20.600000000000023,1,2,1.0
363,1,487.51,602.51,223.22000000000003,20.600000000000023,1,2,1.0
364,1,488.31,601.96,222.69,20.289999999999964,1,2,1.0
365,1,484.47,601.37,226.01,20.309999999999945,1,2,1.0
366,1,488.95,600.65,222.10999999999996,20.32000000000005,1,2,1.0
367,1,486.6,599.4,227.01999999999998,20.56000000000006,1,2,1.0
368,1,491.62,598.6,223.64,21.720000000000027,1,2,1.0
369,1,486.31,597.66,231.61999999999995,21.030000000000086,1,2,1.0
370,1,489.09,597.32,224.06,20.909999999999968,1,2,1.0
371,1,484.99,596.45,229.02999999999997,21.039999999999964,1,2,1.0
372,1,482.46,594.72,234.18,21.029999999999973,1,2,1.0
373,1,486.04,594.59,230.62999999999994,21.089999999999918,1,2,1.0
374,1,479.14,592.53,238.55000000000007,21.149999999999977,1,2,1.0
375,1,482.23,592.11,240.93999999999994,21.129999999999995,1,2,1.0
376,1,483.33,592.07,235.27000000000004,21.309999999999945,1,2,1.0
377,1,480.85,591.2,237.78999999999996,21.25999999999999,1,2,1.0
378,1,480.5,590.42,236.11,20.930000000000064,1,2,1.0
379,1,481.74,590.15,238.22000000000003,20.639999999999986,1,2,1.0
380,1,478.48,588.85,246.94999999999993,20.99000000000001,1,2,1.0
381,1,474.18,589.31,250.96999999999997,21.3900000000001,1,2,1.0
382,1,472.48,587.27,254.41999999999996,21.409999999999968,1,2,1.0
383,1,470.6,586.36,253.63,22.860000000000014,1,2,1.0
384,1,479.59,587.73,242.96999999999997,19.269999999999982,1,2,1.0
385,1,471.81,583.63,257.28000000000003,23.799999999999955,1,2,1.0
386,1,471.42,582.91,259.46,23.040000000000077,1,2,1.0
387,1,466.27,581.03,266.36,22.75999999999999,1,2,1.0
388,1,469.63,580.66,265.89,24.050000000000068,1,2,1.0
389,1,474.25,579.44,261.08000000000004,22.579999999999927,1,2,1.0
390,1,474.25,579.44,261.08000000000004,22.579999999999927,1,2,1.0
391,1,467.2,578.16,269.71,24.56000000000006,1,2,1.0
392,1,464.46,577.11,274.79,25.340000000000032,1,2,1.0
393,1,466.39,573.92,273.35,25.139999999999986,1,2,1.0
394,1,466.9,573.16,272.20000000000005,24.480000000000018,1,2,1.0
395,1,462.83,573.93,278.84,24.40000000000009,1,2,1.0
396,1,464.25,572.68,282.85,24.730000000000018,1,2,1.0
397,1,463.44,572.87,284.21999999999997,22.549999999999955,1,2,1.0
398,1,463.78,572.13,284.47,21.940000000000055,1,2,1.0
399,1,461.36,572.24,282.83000000000004,22.110000000000014,1,2,1.0
400,1,461.95,568.55,287.93,26.300000000000068,1,2,1.0
401,1,463.64,568.21,284.05000000000007,29.110000000000014,1,2,1.0
402,1,460.03,567.43,288.95000000000005,26.81000000000006,1,2,1.0
403,1,464.86,567.88,282.78,25.690000000000055,1,2,1.0
404,1,461.98,568.31,286.84000000000003,24.090000000000032,1,2,1.0
405,1,460.96,565.27,292.21,27.700000000000045,1,2,1.0
406,1,462.13,564.85,289.21000000000004,27.279999999999973,1,2,1.0
407,1,462.11,565.12,291.78999999999996,26.370000000000005,1,2,1.0
408,1,460.8,563.43,291.02000000000004,27.90000000000009,1,2,1.0
409,1,462.13,563.0,289.36,30.299999999999955,1,2,1.0
410,1,459.93,563.66,292.48999999999995,27.81000000000006,1,2,1.0
411,1,458.84,562.77,295.08,29.0,1,2,1.0
412,1,460.01,563.22,293.32000000000005,28.110000000000014,1,2,1.0
413,1,465.84,561.81,288.42,29.57000000000005,1,2,1.0
414,1,459.26,562.01,293.13,30.00999999999999,1,2,1.0
415,1,460.07,562.25,291.19,29.120000000000005,1,2,1.0
416,1,456.06,562.75,297.05,27.039999999999964,1,2,1.0
417,1,455.25,563.04,297.94000000000005,26.110000000000014,1,2,1.0
418,1,457.7,561.73,293.85999999999996,29.590000000000032,1,2,1.0
419,1,453.01,561.0,303.90999999999997,29.33000000000004,1,2,1.0
420,1,456.65,561.92,300.82000000000005,26.90000000000009,1,2,1.0
421,1,449.55,562.85,304.60999999999996,22.93999999999994,1,2,1.0
422,1,450.07,562.47,303.55,22.730000000000018,1,2,1.0
423,1,450.41,561.92,298.68,24.620000000000005,1,2,1.0
424,1,446.29,560.8,309.71999999999997,25.410000000000082,1,2,1.0
425,1,448.41,561.13,303.84999999999997,25.0,1,2,1.0
426,1,451.28,561.13,292.98,23.409999999999968,1,2,1.0
427,1,449.21,561.53,301.16,22.519999999999982,1,2,1.0
428,1,447.82,559.56,310.32,25.360000000000014,1,2,1.0
429,1,447.47,559.29,313.14,25.460000000000036,1,2,1.0
430,1,449.93,559.2,308.02000000000004,25.839999999999918,1,2,1.0
431,1,448.81,558.63,308.34,27.909999999999968,1,2,1.0
432,1,450.27,557.49,307.58000000000004,28.17999999999995,1,2,1.0
433,1,450.38,556.34,313.45000000000005,28.110000000000014,1,2,1.0
434,1,449.24,557.34,313.55999999999995,27.980000000000018,1,2,1.0
435,1,452.75,558.17,303.95000000000005,27.540000000000077,1,2,1.0
436,1,450.83,558.06,313.02000000000004,26.57000000000005,1,2,1.0
437,1,451.97,557.87,308.5899999999999,24.480000000000018,1,2,1.0
438,1,450.95,557.91,308.02000000000004,23.99000000000001,1,2,1.0
439,1,450.62,557.1,318.03,26.539999999999964,1,2,1.0
440,1,451.74,557.49,315.23,26.33000000000004,1,2,1.0
441,1,448.8,557.82,313.46999999999997,25.17999999999995,1,2,1.0
442,1,458.58,555.47,307.21999999999997,30.139999999999986,1,2,1.0
443,1,454.67,557.78,306.18,27.480000000000018,1,2,1.0
444,1,455.66,556.63,304.7,31.279999999999973,1,2,1.0
445,1,449.62,558.54,311.98,29.360000000000014,1,2,1.0
446,1,456.33,558.34,295.68,29.129999999999995,1,2,1.0
447,1,455.39,558.86,303.62,28.699999999999932,1,2,1.0
448,1,454.22,560.69,304.73,27.239999999999895,1,2,1.0
449,1,456.56,558.6,304.17,28.600000000000023,1,2,1.0
450,1,455.86,559.27,308.26,28.289999999999964,1,2,1.0
451,1,455.33,558.82,310.91,27.84999999999991,1,2,1.0
452,1,457.3,561.15,294.79,25.470000000000027,1,2,1.0
453,1,457.34,557.63,305.09,30.779999999999973,1,2,1.0
454,1,455.6,560.84,302.72,27.93999999999994,1,2,1.0
455,1,460.97,559.32,300.40999999999997,30.059999999999945,1,2,1.0
456,1,456.28,559.83,304.5,29.449999999999932,1,2,1.0
457,1,459.9,559.33,297.38,30.25,1,2,1.0
458,1,461.13,561.03,298.66999999999996,30.75,1,2,1.0
459,1,458.37,561.05,299.16999999999996,29.65000000000009,1,2,1.0
460,1,454.96,561.99,302.37000000000006,28.389999999999986,1,2,1.0
461,1,458.5,560.7,300.6,29.339999999999918,1,2,1.0
462,1,459.33,559.28,307.03000000000003,31.899999999999977,1,2,1.0
463,1,462.81,561.67,298.16,29.720000000000027,1,2,1.0
464,1,453.32,562.24,307.37000000000006,28.870000000000005,1,2,1.0
465,1,460.84,561.47,301.7300000000001,29.809999999999945,1,2,1.0
466,1,464.71,560.44,295.84,31.36999999999989,1,2,1.0
467,1,461.15,562.48,298.86,28.74000000000001,1,2,1.0
468,1,462.01,562.27,296.03999999999996,29.700000000000045,1,2,1.0
469,1,462.18,561.82,294.91,29.229999999999905,1,2,1.0
470,1,455.76,562.24,301.24,29.909999999999968,1,2,1.0
471,1,456.93,561.07,303.16,31.449999999999932,1,2,1.0
472,1,458.95,562.14,292.77000000000004,29.379999999999995,1,2,1.0
473,1,457.08,560.73,301.94,31.389999999999986,1,2,1.0
474,1,457.27,561.16,302.77,31.290000000000077,1,2,1.0
475,15,518.37,626.78,22.43999999999994,15.920000000000073,1,1,1.0
475,1,456.07,561.89,302.37000000000006,28.24000000000001,1,2,1.0
476,15,517.33,626.63,22.42999999999995,15.919999999999959,1,1,1.0
476,1,458.81,562.15,295.32,30.529999999999973,1,2,1.0
477,15,518.5,623.16,30.899999999999977,19.540000000000077,1,1,1.0
477,1,457.07,563.05,298.04,28.25,1,2,1.0
478,15,519.3,621.38,32.960000000000036,24.120000000000005,1,1,1.0
478,1,456.62,563.91,291.72,27.800000000000068,1,2,1.0
479,15,517.5,619.06,30.5,27.540000000000077,1,1,1.0
479,1,459.95,563.2,296.89000000000004,28.559999999999945,1,2,1.0
480,15,520.2,618.38,32.549999999999955,29.620000000000005,1,1,1.0
480,1,459.54,566.05,290.87999999999994,24.65000000000009,1,2,1.0
481,15,518.5,617.69,35.450000000000045,28.909999999999968,1,1,1.0
481,1,461.15,564.23,290.76,28.42999999999995,1,2,1.0
482,15,520.0,617.65,34.370000000000005,31.649999999999977,1,1,1.0
482,1,463.15,563.9,291.40999999999997,26.909999999999968,1,2,1.0
483,15,521.0,616.6,32.789999999999964,31.799999999999955,1,1,1.0
483,1,462.8,564.28,291.31,27.120000000000005,1,2,1.0
484,15,521.81,613.98,38.8900000000001,34.26999999999998,1,1,1.0
484,1,460.14,564.97,291.59000000000003,26.309999999999945,1,2,1.0
485,15,521.0,611.96,56.139999999999986,35.24000000000001,1,1,1.0
485,1,461.3,565.64,289.73999999999995,25.450000000000045,1,2,1.0
486,15,521.71,614.17,51.52999999999997,33.32000000000005,1,1,1.0
486,1,452.83,567.25,290.52000000000004,25.110000000000014,1,2,1.0
487,15,527.98,615.3,54.00999999999999,31.670000000000073,1,1,1.0
487,1,456.63,567.0,290.29999999999995,25.629999999999995,1,2,1.0
488,15,524.2,614.3,59.789999999999964,32.030000000000086,1,1,1.0
488,1,458.63,566.08,289.72,27.289999999999964,1,2,1.0
489,15,524.19,613.9,79.00999999999999,32.22000000000003,1,1,1.0
489,1,468.31,566.76,282.23999999999995,24.970000000000027,1,2,1.0
490,15,524.37,614.7,77.42999999999995,28.559999999999945,1,1,1.0
490,1,468.71,565.66,281.06,27.040000000000077,1,2,1.0
491,15,520.5,610.5,80.79999999999995,33.059999999999945,1,1,1.0
491,1,459.16,566.84,283.71,25.399999999999977,1,2,1.0
492,15,524.7,611.5,76.54999999999995,29.120000000000005,1,1,1.0
492,1,460.43,565.75,288.59999999999997,26.850000000000023,1,2,1.0
493,15,519.01,609.81,82.13,30.88000000000011,1,1,1.0
493,1,456.77,567.14,295.01,23.50999999999999,1,2,1.0
494,15,529.19,609.32,82.75,31.489999999999895,1,1,1.0
494,1,452.35,567.3,297.06999999999994,21.99000000000001,1,2,1.0
495,15,542.91,608.4,73.38999999999999,28.540000000000077,1,1,1.0
495,1,451.48,566.86,292.6,22.139999999999986,1,2,1.0
496,15,552.04,609.3,61.460000000000036,26.00999999999999,1,1,1.0
496,1,448.83,564.96,295.68,25.870000000000005,1,2,1.0
497,15,548.51,609.3,72.62,27.540000000000077,1,1,1.0
497,1,449.75,563.14,293.4,28.889999999999986,1,2,1.0
498,15,551.49,610.8,75.71000000000004,25.470000000000027,1,1,1.0
498,1,441.91,561.47,298.84,34.039999999999964,1,2,1.0
499,15,549.97,606.81,80.39999999999998,28.82000000000005,1,1,1.0
499,1,439.37,556.7,301.14,36.39999999999998,1,2,1.0
500,15,546.55,606.68,85.0200000000001,25.520000000000095,1,1,1.0
500,1,432.8,555.75,302.87999999999994,38.299999999999955,1,2,1.0
501,15,589.34,613.2,45.629999999999995,19.41999999999996,1,1,1.0
501,1,426.08,551.89,309.40000000000003,45.129999999999995,1,2,1.0
502,15,595.08,614.9,40.42999999999995,17.790000000000077,1,1,1.0
502,1,422.84,547.17,312.96,50.81000000000006,1,2,1.0
503,15,599.8,613.0,40.66000000000008,19.25999999999999,1,1,1.0
503,1,419.28,542.51,313.89,55.25,1,2,1.0
504,15,610.65,609.3,33.75,23.680000000000064,1,1,1.0
504,1,413.51,538.68,316.18000000000006,59.629999999999995,1,2,1.0
505,15,612.35,613.5,37.0,21.450000000000045,1,1,1.0
505,1,401.59,530.16,328.3500000000001,69.89999999999998,1,2,1.0
506,15,631.3,615.52,17.710000000000036,15.379999999999995,1,1,1.0
506,1,391.15,524.84,341.1700000000001,75.70999999999992,1,2,1.0
507,1,388.75,520.61,342.47,78.98000000000002,1,2,1.0
508,16,651.8,607.7,23.800000000000068,9.0,1,1,1.0
508,1,398.38,527.27,332.88,72.01999999999998,1,2,1.0
509,16,646.8,605.01,22.720000000000027,10.889999999999986,1,1,1.0
509,1,398.83,524.68,337.39000000000004,73.78000000000009,1,2,1.0
510,16,647.65,603.03,30.25,12.470000000000027,1,1,1.0
510,1,405.07,531.21,328.19,64.83999999999992,1,2,1.0
511,16,652.03,603.18,30.25,12.460000000000036,1,1,1.0
511,1,407.85,530.64,326.61,66.38999999999999,1,2,1.0
512,16,658.7,603.7,16.370000000000005,11.799999999999955,1,1,1.0
512,1,410.61,534.07,325.34000000000003,60.299999999999955,1,2,1.0
513,16,663.65,604.97,16.370000000000005,11.799999999999955,1,1,1.0
513,1,416.07,539.7,321.98999999999995,52.299999999999955,1,2,1.0
514,1,419.21,541.33,321.44,50.27999999999997,1,2,1.0
515,1,432.99,543.99,311.1,45.89999999999998,1,2,1.0
516,1,431.64,546.23,313.46000000000004,42.82999999999993,1,2,1.0
517,1,430.33,548.86,314.71,35.85000000000002,1,2,1.0
518,1,434.22,552.7,309.52,30.209999999999923,1,2,1.0
519,1,435.38,555.04,309.71000000000004,29.290000000000077,1,2,1.0
520,1,435.0,552.49,315.61,32.99000000000001,1,2,1.0
521,1,436.97,552.93,318.68999999999994,30.110000000000014,1,2,1.0
522,1,438.85,556.72,315.51,25.329999999999927,1,2,1.0
523,1,439.27,557.38,313.82000000000005,25.0,1,2,1.0
524,1,438.01,556.79,314.53999999999996,25.519999999999982,1,2,1.0
525,1,440.98,557.1,313.5799999999999,24.99000000000001,1,2,1.0
526,1,440.0,558.51,311.30999999999995,25.039999999999964,1,2,1.0
527,1,434.5,556.98,311.26,26.949999999999932,1,2,1.0
528,1,437.74,559.94,299.40999999999997,24.889999999999986,1,2,1.0
529,1,441.83,558.45,313.71,25.42999999999995,1,2,1.0
530,1,443.98,559.99,304.35,25.110000000000014,1,2,1.0
531,1,440.84,559.73,311.88000000000005,26.279999999999973,1,2,1.0
532,1,444.21,560.42,301.91,24.360000000000014,1,2,1.0
533,1,445.43,560.59,302.52000000000004,25.069999999999936,1,2,1.0
534,1,445.0,561.04,304.92999999999995,24.110000000000014,1,2,1.0
535,1,445.14,561.48,299.78,24.379999999999995,1,2,1.0
536,1,445.88,562.11,297.38,25.389999999999986,1,2,1.0
537,1,448.85,562.35,296.11,24.600000000000023,1,2,1.0
538,1,447.35,562.36,298.88,22.879999999999995,1,2,1.0
539,1,448.06,562.51,298.32,24.789999999999964,1,2,1.0
540,1,444.68,562.61,302.8,23.639999999999986,1,2,1.0
541,1,442.75,562.69,309.45000000000005,23.219999999999914,1,2,1.0
542,1,451.92,564.36,293.29,22.67999999999995,1,2,1.0
543,1,452.71,564.98,294.8,22.100000000000023,1,2,1.0
544,1,449.71,564.16,294.14000000000004,22.879999999999995,1,2,1.0
545,1,449.8,566.1,295.18,21.129999999999995,1,2,1.0
546,1,448.4,566.6,295.81000000000006,21.090000000000032,1,2,1.0
547,1,451.1,566.59,296.8299999999999,20.659999999999968,1,2,1.0
548,1,447.92,568.06,299.12999999999994,19.800000000000068,1,2,1.0
549,1,451.11,567.98,296.53999999999996,20.75999999999999,1,2,1.0
550,1,451.96,568.8,294.87000000000006,19.910000000000082,1,2,1.0
551,1,451.78,569.18,296.59000000000003,21.220000000000027,1,2,1.0
552,1,454.99,569.09,290.0,20.469999999999914,1,2,1.0
553,1,454.78,569.69,293.01,19.389999999999986,1,2,1.0
554,1,450.18,569.73,294.44,20.289999999999964,1,2,1.0
555,1,452.76,570.7,295.64,20.379999999999995,1,2,1.0
556,1,453.51,571.15,293.25,20.220000000000027,1,2,1.0
557,1,454.37,569.9,292.1,21.519999999999982,1,2,1.0
558,1,453.89,571.35,286.06000000000006,19.720000000000027,1,2,1.0
559,1,448.5,570.27,297.78999999999996,20.399999999999977,1,2,1.0
560,1,453.74,571.15,285.48,21.159999999999968,1,2,1.0
561,1,453.94,570.23,285.78000000000003,22.25999999999999,1,2,1.0
562,1,454.45,571.42,288.50000000000006,21.90000000000009,1,2,1.0
563,1,456.84,570.83,284.7300000000001,22.529999999999973,1,2,1.0
564,1,463.38,568.73,282.01,24.68999999999994,1,2,1.0
565,1,451.09,570.1,288.1000000000001,23.74000000000001,1,2,1.0
566,1,449.98,570.23,293.67999999999995,25.67999999999995,1,2,1.0
567,1,453.18,572.68,289.37999999999994,24.230000000000018,1,2,1.0
568,1,448.47,569.12,288.78999999999996,23.899999999999977,1,2,1.0
569,1,455.23,568.58,283.73,26.339999999999918,1,2,1.0
570,1,452.57,570.62,286.13000000000005,23.93999999999994,1,2,1.0
571,1,454.14,569.5,289.59000000000003,25.909999999999968,1,2,1.0
572,1,455.06,569.67,289.83,25.110000000000014,1,2,1.0
573,1,449.87,569.96,293.12,23.75,1,2,1.0
574,1,459.68,569.64,287.73999999999995,23.550000000000068,1,2,1.0
575,1,454.73,569.77,285.92999999999995,22.440000000000055,1,2,1.0
576,1,463.58,569.43,276.59,23.120000000000005,1,2,1.0
577,1,457.41,569.64,281.74999999999994,22.66999999999996,1,2,1.0
578,1,453.45,569.39,287.08,23.41999999999996,1,2,1.0
579,1,453.34,570.66,286.90000000000003,21.710000000000036,1,2,1.0
580,1,459.08,571.93,285.39000000000004,21.280000000000086,1,2,1.0
581,1,456.44,571.49,288.58,21.840000000000032,1,2,1.0
582,1,459.48,572.35,283.8299999999999,20.120000000000005,1,2,1.0
583,1,456.12,570.78,284.55999999999995,23.24000000000001,1,2,1.0
584,1,455.65,570.12,288.9,24.92999999999995,1,2,1.0
585,1,459.39,572.24,283.49,24.960000000000036,1,2,1.0
586,1,463.56,572.16,278.09,25.230000000000018,1,2,1.0
587,1,459.33,571.87,284.02000000000004,26.909999999999968,1,2,1.0
588,1,457.97,571.17,284.9,24.639999999999986,1,2,1.0
589,1,462.9,572.32,280.57000000000005,25.979999999999905,1,2,1.0
590,1,459.68,572.04,287.08,25.440000000000055,1,2,1.0
591,1,456.86,572.58,286.31999999999994,25.309999999999945,1,2,1.0
592,1,461.49,572.51,276.47,25.75,1,2,1.0
593,1,463.63,572.86,277.28999999999996,25.569999999999936,1,2,1.0
594,1,459.05,574.06,280.62999999999994,26.1400000000001,1,2,1.0
595,1,458.64,572.76,282.07000000000005,21.50999999999999,1,2,1.0
596,1,460.03,572.46,284.06000000000006,23.91999999999996,1,2,1.0
597,1,458.95,573.01,281.91,23.529999999999973,1,2,1.0
598,1,461.24,573.41,274.15999999999997,23.090000000000032,1,2,1.0
599,1,461.05,572.64,280.93,24.08000000000004,1,2,1.0
600,1,455.25,572.11,281.55999999999995,26.230000000000018,1,2,1.0
601,1,459.98,572.85,277.96000000000004,22.289999999999964,1,2,1.0
602,1,459.46,572.87,279.09,22.83000000000004,1,2,1.0
603,1,461.12,572.86,280.64,24.870000000000005,1,2,1.0
604,1,458.71,572.26,275.71999999999997,23.33000000000004,1,2,1.0
605,1,454.62,571.94,283.27,22.089999999999918,1,2,1.0
606,1,460.23,572.8,279.89,23.030000000000086,1,2,1.0
607,1,452.2,572.5,286.63000000000005,24.450000000000045,1,2,1.0
608,1,454.62,572.24,286.80999999999995,24.91999999999996,1,2,1.0
609,1,456.18,572.31,283.59999999999997,23.100000000000023,1,2,1.0
610,1,455.27,571.5,280.85,24.58000000000004,1,2,1.0
611,1,453.39,571.42,284.48,22.75999999999999,1,2,1.0
612,1,448.75,571.57,292.73,26.289999999999964,1,2,1.0
613,1,457.98,572.02,286.64,25.149999999999977,1,2,1.0
614,1,448.21,572.64,295.69,24.050000000000068,1,2,1.0
615,1,449.35,570.94,296.5799999999999,28.16999999999996,1,2,1.0
616,1,450.53,571.82,289.28,28.539999999999964,1,2,1.0
617,1,451.83,569.39,289.55,30.899999999999977,1,2,1.0
618,1,451.11,570.69,289.99,31.25,1,2,1.0
619,1,449.79,568.85,290.5199999999999,33.82999999999993,1,2,1.0
620,1,454.99,569.44,281.36,33.67999999999995,1,2,1.0
621,1,455.4,569.67,281.81000000000006,33.82000000000005,1,2,1.0
622,1,455.21,570.47,286.40000000000003,33.22000000000003,1,2,1.0
623,1,453.67,570.39,288.10999999999996,33.09000000000003,1,2,1.0
624,1,455.41,569.21,285.61999999999995,35.25999999999999,1,2,1.0
625,1,457.58,570.18,284.88000000000005,34.510000000000105,1,2,1.0
626,1,456.04,571.32,285.78000000000003,32.370000000000005,1,2,1.0
627,1,460.72,570.59,280.98,32.95999999999992,1,2,1.0
628,1,455.71,571.13,284.08,32.92999999999995,1,2,1.0
629,1,456.33,570.3,284.62000000000006,34.610000000000014,1,2,1.0
630,1,458.98,570.38,285.8299999999999,33.120000000000005,1,2,1.0
631,1,460.46,571.36,281.27000000000004,33.44999999999993,1,2,1.0
632,1,455.92,569.52,285.08,34.610000000000014,1,2,1.0
633,1,455.45,568.94,284.71999999999997,36.00999999999999,1,2,1.0
634,1,458.44,568.71,281.23999999999995,36.90999999999997,1,2,1.0
635,1,459.42,569.82,281.02000000000004,34.049999999999955,1,2,1.0
636,1,456.11,569.62,289.54999999999995,35.14999999999998,1,2,1.0
637,1,463.35,570.11,281.79999999999995,34.15999999999997,1,2,1.0
638,1,461.41,570.23,284.3,33.52999999999997,1,2,1.0
639,1,454.51,569.08,289.89,35.43999999999994,1,2,1.0
640,1,461.16,569.08,284.75999999999993,36.09999999999991,1,2,1.0
641,1,466.69,569.66,278.31,35.08000000000004,1,2,1.0
642,1,466.15,569.48,278.03,36.610000000000014,1,2,1.0
643,1,459.39,570.93,286.25,33.82000000000005,1,2,1.0
644,1,462.26,573.76,281.18000000000006,33.860000000000014,1,2,1.0
645,1,455.99,570.36,286.28,34.0,1,2,1.0
646,1,470.73,570.05,273.41999999999996,33.59000000000003,1,2,1.0
647,1,459.2,570.46,280.44,34.70999999999992,1,2,1.0
648,1,463.81,571.54,277.18,33.139999999999986,1,2,1.0
649,1,465.04,571.76,276.68,33.27999999999997,1,2,1.0
650,1,463.96,571.41,278.53000000000003,33.32000000000005,1,2,1.0
650,17,567.66,601.02,23.940000000000055,11.460000000000036,1,1,1.0
651,1,465.67,570.74,275.65000000000003,33.48000000000002,1,2,1.0
651,17,572.79,600.53,22.50999999999999,11.670000000000073,1,1,1.0
652,1,464.07,570.24,280.16,34.83000000000004,1,2,1.0
652,17,575.47,600.77,26.129999999999995,12.129999999999995,1,1,1.0
653,1,459.75,570.6,282.96000000000004,32.139999999999986,1,2,1.0
653,17,575.47,599.31,27.829999999999927,13.590000000000032,1,1,1.0
654,1,463.77,570.3,274.88,32.280000000000086,1,2,1.0
654,17,570.84,597.36,34.45999999999992,15.039999999999964,1,1,1.0
655,1,461.55,570.08,279.44,32.50999999999999,1,2,1.0
655,17,577.67,597.36,37.83000000000004,15.240000000000009,1,1,1.0
656,1,466.54,570.07,273.93,34.049999999999955,1,2,1.0
656,17,577.91,597.84,38.29000000000008,14.759999999999991,1,1,1.0
657,1,466.98,570.51,277.84000000000003,29.889999999999986,1,2,1.0
657,17,575.72,597.11,46.57999999999993,17.49000000000001,1,1,1.0
658,1,463.12,573.38,281.11,24.17999999999995,1,2,1.0
658,17,575.49,598.34,62.00999999999999,19.860000000000014,1,1,1.0
659,1,467.76,572.75,274.85,23.49000000000001,1,2,1.0
659,17,581.05,595.66,53.55000000000007,23.440000000000055,1,1,1.0
660,1,465.61,573.18,276.26,24.99000000000001,1,2,1.0
660,17,574.42,595.32,74.28000000000009,27.879999999999995,1,1,1.0
661,1,461.45,572.93,283.46,23.210000000000036,1,2,1.0
661,17,581.74,596.78,63.799999999999955,23.920000000000073,1,1,1.0
662,1,466.14,572.77,278.16999999999996,24.539999999999964,1,2,1.0
662,17,582.08,594.3,63.41999999999996,27.100000000000023,1,1,1.0
663,1,465.97,573.28,276.06999999999994,24.980000000000018,1,2,1.0
663,17,590.95,594.25,62.549999999999955,26.350000000000023,1,1,1.0
664,1,461.62,572.68,282.39,23.220000000000027,1,2,1.0
664,17,616.88,600.4,42.91999999999996,23.300000000000068,1,1,1.0
665,1,454.98,572.05,287.53999999999996,23.6400000000001,1,2,1.0
665,17,610.29,602.15,50.50999999999999,20.75,1,1,1.0
666,1,462.02,571.47,284.39,24.24000000000001,1,2,1.0
666,17,601.15,600.23,69.35000000000002,23.069999999999936,1,1,1.0
667,1,462.47,570.17,281.65,25.730000000000018,1,2,1.0
667,17,625.66,604.19,50.54000000000008,19.909999999999968,1,1,1.0
668,1,460.94,571.3,284.97999999999996,23.879999999999995,1,2,1.0
668,17,621.87,605.8,56.629999999999995,18.5,1,1,1.0
669,1,461.17,572.52,282.84999999999997,24.620000000000005,1,2,1.0
669,17,621.75,606.36,64.45000000000005,22.840000000000032,1,1,1.0
670,1,462.23,572.38,280.19999999999993,22.879999999999995,1,2,1.0
670,17,618.04,605.47,75.36000000000001,22.129999999999995,1,1,1.0
671,1,463.27,571.27,278.4,24.31000000000006,1,2,1.0
671,17,630.04,606.57,65.56000000000006,18.829999999999927,1,1,1.0
672,1,464.93,571.47,274.33,25.649999999999977,1,2,1.0
672,17,651.94,608.34,44.95999999999992,17.360000000000014,1,1,1.0
673,1,466.96,570.61,276.00000000000006,24.279999999999973,1,2,1.0
673,17,653.18,606.13,47.520000000000095,19.769999999999982,1,1,1.0
674,1,463.42,571.47,279.92,25.299999999999955,1,2,1.0
674,17,649.44,604.88,46.059999999999945,20.620000000000005,1,1,1.0
675,1,473.2,570.61,268.06,25.819999999999936,1,2,1.0
675,17,652.78,604.29,43.42000000000007,22.710000000000036,1,1,1.0
676,1,463.2,570.88,280.32,24.190000000000055,1,2,1.0
676,17,656.08,603.28,43.719999999999914,24.519999999999982,1,1,1.0
677,1,461.97,570.91,281.02,24.420000000000073,1,2,1.0
677,17,662.72,605.32,34.67999999999995,20.67999999999995,1,1,1.0
678,1,461.02,571.21,281.68000000000006,26.42999999999995,1,2,1.0
678,17,662.0,606.94,37.299999999999955,19.459999999999923,1,1,1.0
679,1,465.14,571.08,278.70000000000005,27.67999999999995,1,2,1.0
679,17,671.39,610.6,26.210000000000036,15.600000000000023,1,1,1.0
680,1,467.78,571.53,275.14,27.200000000000045,1,2,1.0
680,17,677.74,613.04,17.659999999999968,12.259999999999991,1,1,1.0
681,1,465.32,571.99,275.34,27.100000000000023,1,2,1.0
682,1,466.75,572.0,279.35,28.129999999999995,1,2,1.0
682,18,484.01,595.72,16.120000000000005,11.839999999999918,1,1,1.0
683,1,461.08,570.42,288.29,30.00999999999999,1,2,1.0
683,18,484.6,596.93,25.859999999999957,14.270000000000095,1,1,1.0
684,1,468.0,570.42,281.37,27.980000000000018,1,2,1.0
684,18,487.3,598.15,27.410000000000025,14.550000000000068,1,1,1.0
685,1,468.6,571.14,274.75,26.06000000000006,1,2,1.0
685,18,489.7,596.93,29.859999999999957,12.470000000000027,1,1,1.0
686,1,465.93,571.11,279.43,29.090000000000032,1,2,1.0
686,18,485.1,596.02,46.610000000000014,15.180000000000064,1,1,1.0
687,1,465.0,570.63,283.58000000000004,26.470000000000027,1,2,1.0
687,18,498.2,595.72,35.03000000000003,12.480000000000018,1,1,1.0
688,1,470.0,571.05,277.32000000000005,26.350000000000023,1,2,1.0
688,18,497.6,593.59,37.75,18.909999999999968,1,1,1.0
689,1,466.76,569.81,276.28999999999996,27.8900000000001,1,2,1.0
689,18,490.6,593.59,56.89999999999998,18.610000000000014,1,1,1.0
690,1,464.45,570.85,281.46,26.25,1,2,1.0
690,18,491.2,592.38,68.75000000000006,17.720000000000027,1,1,1.0
690,19,497.9,613.42,14.519999999999982,8.879999999999995,1,1,1.0
691,1,461.6,570.53,278.63,25.870000000000005,1,2,1.0
691,18,490.29,592.99,68.74999999999994,17.720000000000027,1,1,1.0
691,19,499.3,612.28,14.020000000000039,11.120000000000005,1,1,1.0
692,1,463.9,572.54,280.53,24.960000000000036,1,2,1.0
692,18,490.9,593.29,69.96000000000004,18.31000000000006,1,1,1.0
692,19,500.0,610.92,18.309999999999945,13.580000000000041,1,1,1.0
693,1,468.9,571.24,271.95000000000005,26.25999999999999,1,2,1.0
693,18,490.9,592.08,79.37,20.41999999999996,1,1,1.0
693,19,500.7,609.79,21.69999999999999,13.610000000000014,1,1,1.0
694,1,461.15,572.18,283.68000000000006,28.24000000000001,1,2,1.0
694,18,513.7,592.99,63.559999999999945,13.409999999999968,1,1,1.0
694,19,490.29,606.84,34.599999999999966,18.659999999999968,1,1,1.0
695,1,465.4,571.25,278.38,26.07000000000005,1,2,1.0
695,18,511.3,592.99,65.95999999999998,16.110000000000014,1,1,1.0
695,19,487.3,602.1,44.61999999999995,23.399999999999977,1,1,1.0
696,1,464.81,570.15,289.74999999999994,27.639999999999986,1,2,1.0
696,18,518.0,592.08,85.07000000000005,15.819999999999936,1,1,1.0
696,19,483.82,599.86,52.38000000000005,25.74000000000001,1,1,1.0
697,1,463.32,571.74,284.13000000000005,25.960000000000036,1,2,1.0
697,18,518.0,592.08,83.20000000000005,15.819999999999936,1,1,1.0
697,19,485.6,598.84,53.72000000000003,23.120000000000005,1,1,1.0
698,1,455.32,572.03,289.14000000000004,27.670000000000073,1,2,1.0
698,18,525.29,591.77,74.41000000000008,16.430000000000064,1,1,1.0
698,19,482.59,598.44,53.660000000000025,23.549999999999955,1,1,1.0
699,1,449.8,570.76,295.44,26.950000000000045,1,2,1.0
699,18,531.7,591.77,68.0,16.430000000000064,1,1,1.0
699,19,480.52,596.69,60.31000000000006,26.079999999999927,1,1,1.0
700,1,449.8,571.13,298.03000000000003,27.019999999999982,1,2,1.0
700,18,561.76,592.08,42.24000000000001,15.519999999999982,1,1,1.0
700,19,488.0,597.16,51.33000000000004,28.430000000000064,1,1,1.0
701,1,449.7,569.22,300.19,28.50999999999999,1,2,1.0
701,18,554.5,592.68,57.39999999999998,18.82000000000005,1,1,1.0
701,19,485.67,596.42,57.04000000000002,25.56000000000006,1,1,1.0
702,1,447.74,570.73,297.0,25.850000000000023,1,2,1.0
702,18,564.1,592.01,57.0,16.090000000000032,1,1,1.0
702,19,479.15,594.86,62.680000000000064,25.799999999999955,1,1,1.0
703,1,449.76,570.73,295.91999999999996,27.25999999999999,1,2,1.0
703,18,568.3,590.82,51.54000000000008,17.479999999999905,1,1,1.0
703,19,490.58,594.15,51.95999999999998,26.120000000000005,1,1,1.0
704,1,452.5,571.11,288.29999999999995,26.559999999999945,1,2,1.0
704,18,568.79,590.53,64.61000000000001,18.370000000000005,1,1,1.0
704,19,487.57,595.53,51.56999999999999,26.790000000000077,1,1,1.0
705,1,458.34,572.81,284.24000000000007,24.5,1,2,1.0
705,18,581.04,590.24,62.06000000000006,20.559999999999945,1,1,1.0
705,19,499.6,591.44,58.39999999999998,23.8599999999999,1,1,1.0
706,1,462.5,574.03,276.24,25.970000000000027,1,2,1.0
706,18,574.36,588.72,72.43999999999994,22.980000000000018,1,1,1.0
706,20,493.4,609.05,35.59000000000003,23.450000000000045,1,1,1.0
706,19,506.86,589.09,60.69999999999993,19.600000000000023,1,1,1.0
707,1,459.82,573.24,280.60999999999996,26.18999999999994,1,2,1.0
707,18,586.2,589.63,72.43999999999994,22.980000000000018,1,1,1.0
707,20,496.79,605.38,37.70999999999998,28.32000000000005,1,1,1.0
707,19,504.59,590.36,63.01000000000005,15.340000000000032,1,1,1.0
708,1,458.47,571.57,283.91999999999996,31.659999999999968,1,2,1.0
708,18,596.22,589.33,71.57999999999993,24.469999999999914,1,1,1.0
708,20,492.84,604.11,46.660000000000025,28.289999999999964,1,1,1.0
708,19,503.4,584.26,73.5,20.24000000000001,1,1,1.0
709,1,456.32,572.0,281.78000000000003,28.700000000000045,1,2,1.0
709,18,605.94,585.68,59.45999999999992,28.120000000000005,1,1,1.0
709,20,488.9,602.84,57.02999999999997,19.75999999999999,1,1,1.0
709,19,536.44,587.49,48.95999999999992,17.809999999999945,1,1,1.0
710,1,447.9,568.72,289.70000000000005,30.549999999999955,1,2,1.0
710,18,630.84,592.36,40.95999999999992,22.039999999999964,1,1,1.0
710,20,493.3,602.41,58.839999999999975,20.590000000000032,1,1,1.0
710,19,540.77,587.11,48.31000000000006,16.659999999999968,1,1,1.0
711,1,451.94,569.13,283.51000000000005,28.06000000000006,1,2,1.0
711,18,626.89,592.97,43.710000000000036,22.92999999999995,1,1,1.0
711,20,497.7,601.99,60.650000000000034,21.409999999999968,1,1,1.0
711,19,543.9,586.73,55.80000000000007,20.470000000000027,1,1,1.0
712,1,454.1,569.19,281.15999999999997,29.09999999999991,1,2,1.0
712,18,640.55,600.56,23.950000000000045,15.6400000000001,1,1,1.0
712,20,499.95,600.72,64.60999999999996,23.079999999999927,1,1,1.0
712,19,541.52,586.05,60.48000000000002,21.25,1,1,1.0
713,1,448.32,563.5,286.59999999999997,37.23000000000002,1,2,1.0
713,18,631.44,596.92,35.45999999999992,18.379999999999995,1,1,1.0
713,20,502.2,599.45,68.57,24.75,1,1,1.0
713,19,537.98,585.47,65.62,22.230000000000018,1,1,1.0
714,1,451.09,560.01,288.26000000000005,38.60000000000002,1,2,1.0
714,18,634.78,599.04,44.22000000000003,17.160000000000082,1,1,1.0
714,20,505.0,600.29,76.77999999999997,23.610000000000014,1,1,1.0
714,19,543.81,585.84,58.59000000000003,22.459999999999923,1,1,1.0
715,1,447.7,562.61,292.44,38.01999999999998,1,2,1.0
715,18,637.21,601.47,44.219999999999914,17.159999999999968,1,1,1.0
715,20,505.0,597.9,83.40999999999997,24.850000000000023,1,1,1.0
715,19,570.48,585.31,51.49000000000001,24.730000000000018,1,1,1.0
716,1,447.65,566.1,293.6700000000001,34.43999999999994,1,2,1.0
716,18,643.89,600.56,44.81000000000006,16.24000000000001,1,1,1.0
716,20,505.0,595.5,90.04999999999995,26.100000000000023,1,1,1.0
716,19,543.0,582.4,94.39999999999998,25.600000000000023,1,1,1.0
717,1,446.97,563.86,289.53,35.01999999999998,1,2,1.0
717,18,662.11,600.87,43.889999999999986,15.629999999999995,1,1,1.0
717,20,511.21,596.2,90.05000000000001,26.1099999999999,1,1,1.0
717,19,557.3,584.0,83.5,24.700000000000045,1,1,1.0
718,1,451.15,568.73,289.18000000000006,28.360000000000014,1,2,1.0
718,18,656.34,600.26,39.360000000000014,20.840000000000032,1,1,1.0
718,20,517.42,596.91,90.05000000000007,26.100000000000023,1,1,1.0
718,19,575.24,586.68,64.65999999999997,22.220000000000027,1,1,1.0
718,21,484.42,594.8,21.430000000000007,24.25,1,1,1.0
719,1,448.4,567.78,291.9,30.32000000000005,1,2,1.0
719,18,659.38,598.13,33.22000000000003,21.769999999999982,1,1,1.0
719,20,517.1,592.5,98.26999999999998,28.110000000000014,1,1,1.0
719,19,575.47,585.31,69.42999999999995,26.290000000000077,1,1,1.0
719,21,486.52,597.26,20.08000000000004,21.74000000000001,1,1,1.0
720,1,455.2,571.13,282.53000000000003,28.159999999999968,1,2,1.0
720,18,670.61,596.31,24.389999999999986,19.99000000000001,1,1,1.0
720,20,516.7,595.78,106.57999999999993,22.420000000000073,1,1,1.0
720,19,591.35,586.22,55.85000000000002,25.17999999999995,1,1,1.0
720,21,490.04,598.32,20.069999999999993,21.729999999999905,1,1,1.0
721,1,465.13,570.02,277.52,27.870000000000005,1,2,1.0
721,18,679.42,602.38,16.780000000000086,13.32000000000005,1,1,1.0
721,20,545.65,597.19,78.47000000000003,22.41999999999996,1,1,1.0
721,19,584.09,585.31,65.80999999999995,26.99000000000001,1,1,1.0
721,21,494.61,597.62,15.449999999999989,22.83000000000004,1,1,1.0
722,1,457.53,569.96,284.6700000000001,26.559999999999945,1,2,1.0
722,18,673.95,599.95,25.25,14.549999999999955,1,1,1.0
722,20,532.9,593.8,95.31000000000006,25.50999999999999,1,1,1.0
722,19,591.12,586.45,66.98000000000002,26.949999999999932,1,1,1.0
722,21,495.0,601.13,16.819999999999993,20.769999999999982,1,1,1.0
723,1,455.71,569.39,284.93,28.550000000000068,1,2,1.0
723,18,671.52,599.65,22.480000000000018,13.350000000000023,1,1,1.0
723,20,540.57,590.42,91.7299999999999,28.58000000000004,1,1,1.0
723,19,595.43,586.22,67.47000000000003,28.579999999999927,1,1,1.0
723,21,493.2,597.26,34.079999999999984,25.74000000000001,1,1,1.0
724,1,456.57,567.59,288.34999999999997,26.779999999999973,1,2,1.0
724,18,675.78,601.78,22.470000000000027,13.350000000000023,1,1,1.0
724,20,547.34,589.0,98.20999999999992,31.549999999999955,1,1,1.0
724,19,606.54,585.54,64.25999999999999,26.06000000000006,1,1,1.0
724,21,495.0,603.59,24.899999999999977,16.209999999999923,1,1,1.0
725,1,454.9,568.95,291.53,25.299999999999955,1,2,1.0
725,20,554.12,587.59,104.67999999999995,34.50999999999999,1,1,1.0
725,19,614.03,586.9,64.25,26.06000000000006,1,1,1.0
725,21,495.7,602.54,29.819999999999993,19.75999999999999,1,1,1.0
726,1,457.73,567.9,290.56999999999994,24.399999999999977,1,2,1.0
726,20,569.81,589.43,95.19000000000005,33.92000000000007,1,1,1.0
726,19,623.78,588.04,61.72000000000003,23.360000000000014,1,1,1.0
726,21,495.7,610.62,25.260000000000048,14.17999999999995,1,1,1.0
727,1,457.08,566.94,287.07,26.8599999999999,1,2,1.0
727,20,585.5,591.26,85.70000000000005,33.34000000000003,1,1,1.0
727,19,643.51,590.53,47.889999999999986,26.57000000000005,1,1,1.0
727,21,498.9,608.16,26.970000000000027,17.340000000000032,1,1,1.0
728,1,460.15,567.32,284.2900000000001,25.389999999999986,1,2,1.0
728,20,580.0,591.12,100.10000000000002,35.73000000000002,1,1,1.0
728,19,650.77,588.94,47.23000000000002,30.8599999999999,1,1,1.0
729,1,458.89,565.88,291.71000000000004,24.519999999999982,1,2,1.0
729,20,588.6,590.98,100.39999999999998,38.120000000000005,1,1,1.0
729,19,654.17,589.62,41.530000000000086,26.08000000000004,1,1,1.0
729,22,474.58,593.4,33.73000000000002,12.649999999999977,1,1,1.0
730,1,456.42,566.14,293.68,23.659999999999968,1,2,1.0
730,20,586.3,590.27,108.20000000000005,39.379999999999995,1,1,1.0
730,19,655.99,584.41,41.710000000000036,26.090000000000032,1,1,1.0
730,22,476.69,594.1,33.73000000000002,15.5,1,1,1.0
731,1,461.65,564.84,284.75,26.559999999999945,1,2,1.0
731,20,601.54,589.57,98.46000000000004,40.629999999999995,1,1,1.0
731,19,671.41,585.77,16.99000000000001,13.230000000000018,1,1,1.0
731,22,477.04,591.99,37.95999999999998,14.409999999999968,1,1,1.0
732,1,459.5,566.03,289.9,22.57000000000005,1,2,1.0
732,20,599.0,586.2,102.0,44.69999999999993,1,1,1.0
732,19,675.27,587.81,16.99000000000001,13.230000000000018,1,1,1.0
732,22,479.85,596.21,37.95999999999992,15.789999999999964,1,1,1.0
733,1,464.69,563.29,289.54,28.629999999999995,1,2,1.0
733,20,612.55,591.26,89.45000000000005,40.34000000000003,1,1,1.0
733,22,484.07,596.21,37.95999999999998,18.99000000000001,1,1,1.0
734,1,459.5,562.97,291.41999999999996,30.529999999999973,1,2,1.0
734,20,617.0,589.71,85.14999999999998,40.18999999999994,1,1,1.0
734,22,492.9,597.26,34.05000000000007,20.840000000000032,1,1,1.0
735,1,463.85,562.4,289.15999999999997,30.300000000000068,1,2,1.0
735,20,627.79,588.16,74.50999999999999,40.04000000000008,1,1,1.0
735,22,492.1,597.88,38.02999999999997,21.519999999999982,1,1,1.0
735,21,516.57,623.16,15.529999999999973,10.450000000000045,1,1,1.0
736,1,464.7,558.33,285.76000000000005,35.370000000000005,1,2,1.0
736,20,630.47,589.14,72.67999999999995,38.65999999999997,1,1,1.0
736,22,491.1,596.16,40.93999999999994,22.74000000000001,1,1,1.0
736,21,516.85,622.88,15.529999999999973,10.440000000000055,1,1,1.0
737,1,463.0,558.34,293.19000000000005,37.51999999999998,1,2,1.0
737,20,633.16,590.13,70.84000000000003,37.26999999999998,1,1,1.0
737,22,493.0,596.34,40.879999999999995,23.459999999999923,1,1,1.0
737,21,517.7,618.93,24.279999999999973,18.370000000000005,1,1,1.0
738,1,469.35,559.68,291.02,35.0,1,2,1.0
738,20,636.7,589.29,64.04999999999995,40.66000000000008,1,1,1.0
738,22,494.9,595.78,47.22000000000003,24.720000000000027,1,1,1.0
738,21,515.72,618.64,29.99000000000001,20.360000000000014,1,1,1.0
739,1,469.7,559.45,292.81,35.15999999999997,1,2,1.0
739,20,648.68,588.44,48.82000000000005,44.059999999999945,1,1,1.0
739,22,493.9,595.63,38.58000000000004,24.870000000000005,1,1,1.0
739,21,517.23,616.98,30.340000000000032,21.720000000000027,1,1,1.0
740,1,466.3,556.29,293.61999999999995,40.00999999999999,1,2,1.0
740,20,664.49,594.93,35.50999999999999,35.57000000000005,1,1,1.0
740,22,491.2,593.06,43.78000000000003,28.840000000000032,1,1,1.0
740,21,513.95,616.14,31.659999999999968,25.659999999999968,1,1,1.0
741,1,468.6,557.3,294.2099999999999,38.35000000000002,1,2,1.0
741,20,665.2,598.18,35.64999999999998,30.07000000000005,1,1,1.0
741,22,490.6,596.79,44.49000000000001,23.81000000000006,1,1,1.0
741,21,516.74,619.27,30.5,18.83000000000004,1,1,1.0
742,1,479.4,556.58,285.99,40.620000000000005,1,2,1.0
742,20,665.9,601.42,35.80000000000007,24.58000000000004,1,1,1.0
742,22,492.19,597.43,45.36999999999995,24.970000000000027,1,1,1.0
742,21,517.42,617.91,31.460000000000036,25.790000000000077,1,1,1.0
743,1,472.47,554.54,291.01,43.60000000000002,1,2,1.0
743,20,671.26,603.26,30.289999999999964,22.340000000000032,1,1,1.0
743,22,492.0,599.68,44.90999999999997,25.020000000000095,1,1,1.0
743,21,519.37,619.46,34.15999999999997,25.74000000000001,1,1,1.0
744,1,477.67,553.11,293.65000000000003,46.789999999999964,1,2,1.0
744,20,676.63,605.09,24.769999999999982,20.110000000000014,1,1,1.0
744,22,498.11,602.44,40.5,21.729999999999905,1,1,1.0
744,21,519.2,618.25,47.299999999999955,26.75,1,1,1.0
745,1,478.64,553.71,290.78999999999996,44.68999999999994,1,2,1.0
745,20,668.72,603.68,31.879999999999995,19.82000000000005,1,1,1.0
745,22,500.5,596.83,48.25999999999999,27.269999999999982,1,1,1.0
745,21,520.1,617.21,53.95999999999992,27.789999999999964,1,1,1.0
746,1,473.9,555.55,294.68000000000006,43.65000000000009,1,2,1.0
746,22,494.6,601.87,60.91999999999996,23.42999999999995,1,1,1.0
746,21,522.1,615.14,78.40999999999997,27.860000000000014,1,1,1.0
747,1,477.1,554.9,285.73,44.10000000000002,1,2,1.0
747,22,496.5,598.64,60.799999999999955,25.25999999999999,1,1,1.0
747,21,521.21,613.93,64.76999999999998,30.090000000000032,1,1,1.0
748,1,486.2,556.4,274.58,41.80000000000007,1,2,1.0
748,22,494.3,597.89,82.92000000000002,33.31000000000006,1,1,1.0
748,21,526.9,613.91,68.01999999999998,31.600000000000023,1,1,1.0
749,1,476.3,557.96,284.29,40.84999999999991,1,2,1.0
749,22,494.2,597.73,93.16000000000003,30.069999999999936,1,1,1.0
749,21,532.32,611.78,68.25,34.25,1,1,1.0
750,1,472.1,560.86,282.15999999999997,39.40999999999997,1,2,1.0
750,22,497.7,596.82,89.58999999999997,28.579999999999927,1,1,1.0
750,21,532.99,611.8,75.66999999999996,26.680000000000064,1,1,1.0
751,1,471.3,560.35,286.41,38.44999999999993,1,2,1.0
751,22,496.5,596.16,102.92999999999995,29.139999999999986,1,1,1.0
751,21,548.0,611.32,75.41999999999996,22.879999999999995,1,1,1.0
752,1,471.19,564.31,284.96,34.59000000000003,1,2,1.0
752,22,496.2,596.27,104.63000000000005,28.129999999999995,1,1,1.0
752,21,551.1,610.8,82.00999999999999,25.530000000000086,1,1,1.0
753,1,469.1,564.15,284.98,36.50999999999999,1,2,1.0
753,22,497.8,595.2,107.30000000000001,24.09999999999991,1,1,1.0
753,21,565.7,609.6,87.79999999999995,22.600000000000023,1,1,1.0
754,1,469.0,565.13,285.47,30.970000000000027,1,2,1.0
754,23,499.3,599.12,53.99999999999994,21.340000000000032,1,1,1.0
754,22,541.8,595.14,64.80000000000007,23.659999999999968,1,1,1.0
754,21,572.24,611.0,81.55999999999995,16.700000000000045,1,1,1.0
755,1,465.9,564.46,286.80000000000007,32.289999999999964,1,2,1.0
755,23,500.66,596.4,50.14999999999992,25.879999999999995,1,1,1.0
755,22,544.1,595.36,73.19999999999993,24.139999999999986,1,1,1.0
755,21,581.3,608.2,79.84000000000003,20.34999999999991,1,1,1.0
756,1,462.35,570.28,279.69999999999993,21.420000000000073,1,2,1.0
756,23,514.7,594.13,46.5,21.769999999999982,1,1,1.0
756,24,474.35,593.67,38.57999999999993,25.879999999999995,1,1,1.0
756,22,561.5,593.5,55.40999999999997,24.519999999999982,1,1,1.0
756,21,610.1,608.8,66.85000000000002,31.040000000000077,1,1,1.0
757,1,459.32,571.08,283.89000000000004,21.219999999999914,1,2,1.0
757,23,521.75,596.17,51.059999999999945,20.210000000000036,1,1,1.0
757,24,474.12,590.73,41.27999999999997,28.16999999999996,1,1,1.0
757,22,566.1,591.83,69.50999999999999,23.969999999999914,1,1,1.0
757,21,610.38,611.06,65.41999999999996,31.040000000000077,1,1,1.0
758,1,456.2,569.08,283.97999999999996,20.519999999999982,1,2,1.0
758,23,528.43,595.5,49.960000000000036,17.5,1,1,1.0
758,24,472.08,587.55,44.420000000000016,30.65000000000009,1,1,1.0
758,22,551.4,590.2,78.63,29.09999999999991,1,1,1.0
758,21,621.67,607.95,56.629999999999995,34.44999999999993,1,1,1.0
759,1,463.07,568.74,272.85999999999996,27.159999999999968,1,2,1.0
759,23,535.77,596.3,49.960000000000036,18.680000000000064,1,1,1.0
759,24,469.78,583.84,57.01999999999998,35.059999999999945,1,1,1.0
759,22,553.0,591.8,92.86000000000001,26.300000000000068,1,1,1.0
759,21,630.1,607.95,48.19999999999993,34.44999999999993,1,1,1.0
760,1,477.9,569.1,259.20000000000005,26.0,1,2,1.0
760,23,535.49,595.6,53.539999999999964,21.279999999999973,1,1,1.0
760,24,469.0,581.6,59.89999999999998,38.60000000000002,1,1,1.0
760,22,570.5,589.0,81.89999999999998,27.5,1,1,1.0
760,21,652.17,612.47,29.030000000000086,29.92999999999995,1,1,1.0
761,1,445.9,568.94,286.9,28.25999999999999,1,2,1.0
761,23,535.58,591.0,57.120000000000005,26.700000000000045,1,1,1.0
761,24,478.45,581.1,53.94999999999999,33.39999999999998,1,1,1.0
761,22,584.6,589.1,76.30999999999995,28.610000000000014,1,1,1.0
761,21,652.92,622.48,27.460000000000036,21.269999999999982,1,1,1.0
762,1,450.5,567.4,282.94000000000005,33.89999999999998,1,2,1.0
762,23,538.1,587.2,61.889999999999986,32.5,1,1,1.0
762,24,471.5,580.7,62.700000000000045,35.0,1,1,1.0
762,22,595.9,589.3,70.89999999999998,30.700000000000045,1,1,1.0
762,21,655.42,623.82,27.780000000000086,17.979999999999905,1,1,1.0
763,1,445.6,563.14,283.19999999999993,38.15999999999997,1,2,1.0
763,23,547.39,593.28,55.31000000000006,25.519999999999982,1,1,1.0
763,24,467.2,580.6,71.59999999999997,32.5,1,1,1.0
763,22,586.68,591.01,83.82000000000005,28.789999999999964,1,1,1.0
763,21,657.39,621.28,26.710000000000036,20.220000000000027,1,1,1.0
764,1,459.97,565.34,267.03,35.559999999999945,1,2,1.0
764,23,561.25,594.19,49.85000000000002,24.809999999999945,1,1,1.0
764,24,468.4,576.7,78.79000000000008,34.819999999999936,1,1,1.0
764,22,589.9,590.5,86.10000000000002,32.700000000000045,1,1,1.0
765,1,451.6,562.41,275.29999999999995,38.29000000000008,1,2,1.0
765,23,568.3,594.74,48.80000000000007,31.159999999999968,1,1,1.0
765,24,463.4,580.1,92.18000000000006,35.039999999999964,1,1,1.0
765,22,600.78,596.8,83.62,32.30000000000007,1,1,1.0
766,1,441.49,560.56,287.21000000000004,42.6400000000001,1,2,1.0
766,23,571.1,592.6,50.5,33.5,1,1,1.0
766,24,470.0,577.6,90.80999999999995,33.97000000000003,1,1,1.0
766,22,596.64,594.41,91.06000000000006,35.79000000000008,1,1,1.0
767,1,430.09,555.92,292.61000000000007,45.680000000000064,1,2,1.0
767,23,587.12,599.8,42.17999999999995,27.600000000000023,1,1,1.0
767,24,494.2,585.9,68.78000000000003,26.420000000000073,1,1,1.0
767,22,617.04,595.93,68.66000000000008,35.57000000000005,1,1,1.0
768,1,427.54,554.19,291.85999999999996,47.50999999999999,1,2,1.0
768,23,583.48,599.9,46.319999999999936,23.300000000000068,1,1,1.0
768,24,509.69,584.55,56.61999999999995,26.620000000000005,1,1,1.0
768,22,617.16,596.54,74.44000000000005,36.06000000000006,1,1,1.0
769,1,430.0,556.47,288.20000000000005,45.629999999999995,1,2,1.0
769,23,582.2,602.03,55.09999999999991,20.970000000000027,1,1,1.0
769,24,517.03,585.4,56.620000000000005,26.620000000000005,1,1,1.0
769,22,618.7,595.5,73.89999999999998,39.5,1,1,1.0
770,25,471.2,585.35,31.5,24.350000000000023,1,1,1.0
770,1,429.13,550.78,295.16999999999996,52.22000000000003,1,2,1.0
770,23,565.0,602.87,75.74000000000001,22.92999999999995,1,1,1.0
770,24,502.57,583.64,76.66000000000003,23.620000000000005,1,1,1.0
770,22,600.02,595.75,93.58000000000004,36.64999999999998,1,1,1.0
771,25,470.2,582.23,33.25999999999999,28.769999999999982,1,1,1.0
771,1,428.11,550.85,295.59000000000003,53.25,1,2,1.0
771,23,590.31,602.39,49.79000000000008,25.50999999999999,1,1,1.0
771,24,521.06,583.73,60.020000000000095,25.129999999999995,1,1,1.0
771,22,625.3,590.8,66.80000000000007,42.30000000000007,1,1,1.0
772,25,474.1,581.61,33.379999999999995,31.090000000000032,1,1,1.0
772,1,427.54,550.93,297.66,49.97000000000003,1,2,1.0
772,23,592.88,602.08,49.91999999999996,26.019999999999982,1,1,1.0
772,24,519.8,584.86,69.95000000000005,24.460000000000036,1,1,1.0
772,22,631.55,602.34,62.870000000000005,30.25999999999999,1,1,1.0
773,25,473.52,580.13,35.920000000000016,33.07000000000005,1,1,1.0
773,1,429.4,550.69,298.30000000000007,50.6099999999999,1,2,1.0
773,23,600.22,603.49,44.67999999999995,28.00999999999999,1,1,1.0
773,24,524.89,583.2,68.58000000000004,25.049999999999955,1,1,1.0
773,22,636.1,605.07,63.10000000000002,26.629999999999995,1,1,1.0
774,25,478.3,586.25,25.689999999999998,24.950000000000045,1,1,1.0
774,1,434.72,552.09,291.67999999999995,50.20999999999992,1,2,1.0
774,23,599.48,606.17,49.72000000000003,24.08000000000004,1,1,1.0
774,24,525.73,580.35,72.11000000000001,27.959999999999923,1,1,1.0
774,22,645.71,610.0,49.99000000000001,26.200000000000045,1,1,1.0
775,25,476.2,590.48,29.689999999999998,21.41999999999996,1,1,1.0
775,1,425.39,550.54,299.51,53.860000000000014,1,2,1.0
775,23,598.74,608.86,54.75999999999999,20.139999999999986,1,1,1.0
775,24,526.1,577.38,83.86000000000001,31.33000000000004,1,1,1.0
775,22,658.51,610.65,39.789999999999964,19.550000000000068,1,1,1.0
776,25,483.6,591.59,21.50999999999999,19.809999999999945,1,1,1.0
776,1,430.2,551.07,293.8,54.42999999999995,1,2,1.0
776,23,597.61,608.29,58.09000000000003,21.610000000000014,1,1,1.0
776,24,523.79,583.16,86.25,24.81000000000006,1,1,1.0
776,22,661.58,605.41,33.620000000000005,26.629999999999995,1,1,1.0
777,25,481.6,589.68,28.189999999999998,21.020000000000095,1,1,1.0
777,1,436.46,551.86,284.94,50.84000000000003,1,2,1.0
777,23,599.86,610.27,60.039999999999964,21.629999999999995,1,1,1.0
777,24,521.53,575.54,92.76999999999998,33.860000000000014,1,1,1.0
777,22,673.72,608.23,24.279999999999973,21.569999999999936,1,1,1.0
778,25,482.2,589.58,28.180000000000007,20.120000000000005,1,1,1.0
778,1,430.66,550.61,292.63999999999993,53.289999999999964,1,2,1.0
778,23,604.9,605.7,58.110000000000014,27.329999999999927,1,1,1.0
778,24,524.0,573.5,96.88,36.48000000000002,1,1,1.0
778,22,674.0,611.05,22.899999999999977,19.050000000000068,1,1,1.0
779,25,485.1,589.25,29.949999999999932,21.25,1,1,1.0
779,1,427.98,551.37,294.41999999999996,53.23000000000002,1,2,1.0
779,23,627.48,607.39,35.819999999999936,24.50999999999999,1,1,1.0
779,24,526.5,576.34,100.95000000000005,34.20999999999992,1,1,1.0
779,22,670.05,606.25,26.270000000000095,23.049999999999955,1,1,1.0
780,25,487.8,594.47,23.620000000000005,17.829999999999927,1,1,1.0
780,1,443.99,552.02,280.40999999999997,51.58000000000004,1,2,1.0
780,23,638.49,614.17,24.809999999999945,18.33000000000004,1,1,1.0
780,24,528.99,579.17,105.03999999999996,31.960000000000036,1,1,1.0
780,22,662.71,613.03,28.789999999999964,17.970000000000027,1,1,1.0
781,25,489.0,594.41,26.350000000000023,16.889999999999986,1,1,1.0
781,1,427.56,552.59,296.04,51.40999999999997,1,2,1.0
781,23,639.34,617.56,27.059999999999945,13.540000000000077,1,1,1.0
781,24,531.49,582.01,109.11000000000001,29.690000000000055,1,1,1.0
