1,1,566.1,62.71,585.2199999999999,323.34000000000003,1,1,1.0
1,2,31.41,127.7,585.69,230.07,1,1,1.0
2,1,562.59,27.11,574.6899999999999,353.24,1,1,1.0
2,2,66.4,109.15,570.3100000000001,210.14000000000001,1,1,1.0
3,1,556.1,0.0,539.58,361.65,1,1,1.0
3,2,164.08,99.67,486.92999999999995,215.88,1,1,1.0
4,1,555.92,0.0,542.39,364.27,1,1,1.0
4,2,242.58,90.83,431.42999999999995,227.03000000000003,1,1,1.0
5,1,567.91,0.16,532.34,361.78999999999996,1,1,1.0
5,2,280.43,86.8,425.32,254.99,1,1,1.0
6,1,585.94,1.16,521.0999999999999,346.13,1,1,1.0
6,2,331.0,78.44,417.75,283.43,1,1,1.0
7,1,607.05,0.62,508.05999999999995,311.65999999999997,1,1,1.0
7,2,424.71,70.0,375.09999999999997,320.3,1,1,1.0
8,1,622.57,1.96,504.4799999999999,272.53000000000003,1,1,1.0
8,2,529.22,71.5,269.0799999999999,313.32,1,1,1.0
9,1,625.08,0.79,510.7099999999999,241.98000000000002,1,1,1.0
9,2,604.13,62.8,238.76999999999998,314.95,1,1,1.0
10,1,631.28,1.17,505.60000000000014,215.39000000000001,1,1,1.0
10,2,626.89,54.31,247.40999999999997,309.19,1,1,1.0
11,1,652.36,0.9,477.2499999999999,180.19,1,1,1.0
11,2,629.82,0.0,357.9799999999999,320.3,1,1,1.0
12,1,663.57,0.59,456.33000000000004,161.29999999999998,1,1,1.0
12,2,627.2,0.0,385.0999999999999,290.81,1,1,1.0
13,1,691.45,0.61,416.80999999999995,135.67,1,1,1.0
13,2,629.56,0.0,407.1400000000001,280.38,1,1,1.0
14,1,709.77,0.39,384.18000000000006,120.67,1,1,1.0
14,2,631.53,4.38,457.72,243.78,1,1,1.0
15,1,758.3,1.78,336.4200000000001,109.47,1,1,1.0
15,2,653.28,2.03,433.6300000000001,220.96,1,1,1.0
16,1,801.9,0.0,237.62,94.33,1,1,1.0
16,2,689.99,0.99,427.03999999999996,201.03,1,1,1.0
17,1,916.7,0.0,105.01999999999998,88.1,1,1,1.0
17,2,743.7,0.62,424.78,193.60999999999999,1,1,1.0
18,1,922.9,0.0,84.57000000000005,66.74,1,1,1.0
18,2,797.9,0.62,418.63,177.68,1,1,1.0
19,1,922.0,0.0,73.00999999999999,50.71,1,1,1.0
19,2,844.54,0.21,409.95000000000005,161.23,1,1,1.0
20,2,876.97,0.0,403.03,124.34,1,1,1.0
21,2,892.63,0.0,387.37,108.82,1,1,1.0
22,2,904.51,0.0,374.48,101.57,1,1,1.0
23,2,914.46,0.0,365.3599999999999,97.46,1,1,1.0
24,2,928.07,0.0,351.4999999999999,85.02,1,1,1.0
25,2,948.0,0.0,331.75,73.74,1,1,1.0
25,3,531.88,696.91,258.26,22.950000000000045,1,1,1.0
26,2,980.89,0.0,298.2900000000001,70.92,1,1,1.0
26,3,534.84,696.8,278.03999999999996,22.75,1,1,1.0
27,2,1021.08,0.01,258.36,64.94999999999999,1,1,1.0
27,3,538.8,692.1,324.85,27.230000000000018,1,1,1.0
28,2,1054.11,0.0,226.37000000000012,63.12,1,1,1.0
28,3,525.99,677.97,331.01,41.47000000000003,1,1,1.0
29,2,1082.72,0.0,197.27999999999997,51.01,1,1,1.0
29,3,501.21,672.54,369.86000000000007,46.90000000000009,1,1,1.0
30,2,1113.54,0.0,166.46000000000004,37.81,1,1,1.0
30,3,468.08,663.2,432.92,56.08999999999992,1,1,1.0
31,3,448.92,661.88,503.56,57.34000000000003,1,1,1.0
32,3,422.97,664.58,572.62,54.559999999999945,1,1,1.0
33,3,397.56,663.75,682.6600000000001,55.65999999999997,1,1,1.0
34,3,377.89,659.41,670.62,60.129999999999995,1,1,1.0
35,3,386.97,658.02,654.53,61.379999999999995,1,1,1.0
36,4,389.57,0.8,471.96,40.120000000000005,1,1,1.0
36,5,0.0,622.89,70.15,72.58000000000004,1,1,1.0
36,3,375.86,646.97,528.92,72.43999999999994,1,1,1.0
37,4,455.54,0.41,485.28000000000003,44.21,1,1,1.0
37,5,0.0,615.25,104.53,94.25,1,1,1.0
37,3,383.67,638.21,520.0699999999999,81.37,1,1,1.0
38,4,534.59,0.21,498.2099999999999,44.86,1,1,1.0
38,5,0.05,594.36,156.44,120.31999999999994,1,1,1.0
38,3,388.43,630.03,525.3199999999999,89.75999999999999,1,1,1.0
39,4,630.29,0.22,500.23,48.75,1,1,1.0
39,5,0.09,586.27,207.48,131.5,1,1,1.0
39,3,371.14,626.15,574.83,93.57000000000005,1,1,1.0
40,4,499.8,0.73,762.9000000000001,55.34,1,1,1.0
40,5,0.0,573.55,245.98,145.16000000000008,1,1,1.0
40,3,411.98,625.67,527.86,94.21000000000004,1,1,1.0
41,4,601.2,0.27,677.4099999999999,60.82,1,1,1.0
41,5,0.0,561.59,280.95,158.14999999999998,1,1,1.0
41,3,431.06,631.85,517.72,87.52999999999997,1,1,1.0
42,4,719.1,0.0,559.64,69.84,1,1,1.0
42,5,0.42,557.47,316.05,162.19999999999993,1,1,1.0
42,3,424.65,645.76,632.67,73.51999999999998,1,1,1.0
43,4,787.8,0.0,491.9200000000001,72.3,1,1,1.0
43,5,0.0,557.73,349.3,162.23000000000002,1,1,1.0
43,3,401.29,655.68,619.1099999999999,64.03000000000009,1,1,1.0
44,4,849.4,0.0,430.6,64.73,1,1,1.0
44,5,0.34,558.54,373.47,161.4000000000001,1,1,1.0
44,3,376.68,628.19,600.9200000000001,91.43999999999994,1,1,1.0
45,4,914.4,0.0,365.6,64.73,1,1,1.0
45,5,0.0,559.53,397.18,160.52999999999997,1,1,1.0
45,3,379.82,638.2,560.1800000000001,81.56999999999994,1,1,1.0
46,4,1001.0,0.0,279.0,31.6,1,1,1.0
46,5,0.15,561.77,427.49,157.96000000000004,1,1,1.0
46,3,379.82,689.42,310.3,30.350000000000023,1,1,1.0
47,5,0.0,560.25,448.86,159.91999999999996,1,1,1.0
47,3,428.79,691.32,192.7,28.66999999999996,1,1,1.0
48,5,0.0,559.67,485.0,160.67000000000007,1,1,1.0
48,3,466.4,691.32,106.20000000000005,28.66999999999996,1,1,1.0
49,5,0.0,548.11,511.47,171.87,1,1,1.0
50,5,1.49,542.87,542.91,176.79999999999995,1,1,1.0
51,5,51.89,534.04,533.62,185.96000000000004,1,1,1.0
51,3,709.4,659.41,100.26999999999998,60.59000000000003,1,1,1.0
52,5,73.09,528.11,545.01,191.76,1,1,1.0
53,5,99.09,526.74,561.61,193.26,1,1,1.0
54,5,146.32,523.44,581.5899999999999,196.58999999999992,1,1,1.0
55,5,147.6,511.17,643.06,208.57,1,1,1.0
56,5,110.8,508.16,722.08,211.07,1,1,1.0
57,5,185.09,504.86,684.5,206.39999999999998,1,1,1.0
58,5,257.7,501.66,651.2,159.57,1,1,1.0
58,3,0.0,666.29,123.23,53.710000000000036,1,1,1.0
59,5,340.54,495.28,637.4100000000001,151.0,1,1,1.0
59,3,0.0,682.72,221.84,37.27999999999997,1,1,1.0
60,5,402.79,480.69,666.01,172.34999999999997,1,1,1.0
60,3,50.7,682.72,240.99,37.27999999999997,1,1,1.0
61,5,475.69,472.11,680.6299999999999,176.15999999999997,1,1,1.0
61,3,93.2,634.79,342.3,85.21000000000004,1,1,1.0
62,5,569.81,460.19,662.6800000000001,203.09999999999997,1,1,1.0
62,3,112.43,594.95,284.54,124.74000000000001,1,1,1.0
63,5,651.95,461.75,627.96,167.15999999999997,1,1,1.0
63,3,248.0,612.75,79.12,107.25,1,1,1.0
64,5,710.75,457.69,568.01,182.71999999999997,1,1,1.0
65,5,765.71,450.48,512.52,183.48000000000002,1,1,1.0
66,5,787.51,444.5,492.01,172.27999999999997,1,1,1.0
67,5,845.97,438.44,432.0999999999999,153.35999999999996,1,1,1.0
67,6,0.0,572.76,87.29,147.24,1,1,1.0
68,5,889.66,428.26,390.57000000000005,155.83000000000004,1,1,1.0
68,6,0.37,591.82,103.00999999999999,128.3599999999999,1,1,1.0
69,5,930.45,420.34,349.1099999999999,132.49000000000007,1,1,1.0
69,6,0.31,612.2,72.36,107.8599999999999,1,1,1.0
70,5,978.41,413.29,301.07000000000005,126.32,1,1,1.0
70,6,0.0,616.13,86.94,104.09000000000003,1,1,1.0
71,5,1015.51,406.32,265.19000000000005,120.83999999999997,1,1,1.0
71,6,0.0,628.46,100.64,91.53999999999996,1,1,1.0
72,5,1063.84,409.91,216.23000000000002,108.89999999999992,1,1,1.0
72,6,0.0,621.3,142.04,98.75999999999999,1,1,1.0
73,5,1112.2,415.09,167.3699999999999,93.53000000000003,1,1,1.0
73,6,0.0,628.15,107.8,91.85000000000002,1,1,1.0
74,5,1162.54,414.96,117.06999999999994,94.35000000000002,1,1,1.0
74,6,0.0,610.72,103.62,109.17999999999995,1,1,1.0
75,5,1199.02,412.08,80.44000000000005,98.19,1,1,1.0
75,6,0.0,593.29,99.44,126.5,1,1,1.0
76,6,0.0,593.29,122.7,126.71000000000004,1,1,1.0
77,6,0.04,566.33,114.72999999999999,110.71999999999991,1,1,1.0
78,6,0.0,547.96,142.4,104.38999999999999,1,1,1.0
79,6,0.04,534.46,191.8,103.25,1,1,1.0
80,6,0.0,518.84,193.9,93.90999999999997,1,1,1.0
81,6,0.1,499.4,194.17000000000002,93.80000000000007,1,1,1.0
82,6,0.0,491.82,193.39,86.40000000000003,1,1,1.0
82,7,149.64,681.51,295.41,38.49000000000001,1,1,1.0
83,6,0.11,482.21,182.77999999999997,75.32,1,1,1.0
83,7,112.13,671.2,387.65,48.68999999999994,1,1,1.0
84,6,0.14,473.0,168.16000000000003,73.13,1,1,1.0
84,7,74.62,660.89,479.88,58.889999999999986,1,1,1.0
85,6,0.1,465.83,158.18,74.21999999999997,1,1,1.0
85,7,119.84,649.3,521.79,70.69000000000005,1,1,1.0
86,6,0.37,462.01,142.07999999999998,75.38999999999999,1,1,1.0
86,7,150.97,639.89,562.9599999999999,80.0,1,1,1.0
87,6,0.24,460.48,120.30000000000001,78.53999999999996,1,1,1.0
87,7,158.95,628.74,585.5899999999999,91.27999999999997,1,1,1.0
88,6,0.35,457.31,106.59,82.56,1,1,1.0
88,7,195.31,619.11,608.73,100.90999999999997,1,1,1.0
89,6,0.1,450.88,85.17,89.33000000000004,1,1,1.0
89,7,237.35,614.77,550.86,105.32000000000005,1,1,1.0
90,6,0.17,450.31,67.81,88.57,1,1,1.0
90,7,276.66,612.1,563.74,107.88999999999999,1,1,1.0
91,6,0.38,439.1,48.04,101.24000000000001,1,1,1.0
91,7,335.47,614.05,562.73,105.95000000000005,1,1,1.0
92,7,393.49,614.57,542.93,105.41999999999996,1,1,1.0
93,7,439.97,611.66,547.93,108.34000000000003,1,1,1.0
94,7,483.24,609.68,526.9399999999999,110.38,1,1,1.0
95,7,533.28,606.66,505.0799999999999,113.60000000000002,1,1,1.0
96,7,570.86,614.2,502.7800000000001,105.79999999999995,1,1,1.0
97,7,615.41,620.6,467.9599999999999,99.39999999999998,1,1,1.0
97,8,0.0,612.3,51.57,52.07000000000005,1,1,1.0
98,7,650.79,623.59,447.30999999999995,96.24000000000001,1,1,1.0
98,8,0.36,589.8,73.2,72.69000000000005,1,1,1.0
99,7,702.31,640.63,420.72,79.38,1,1,1.0
99,8,0.0,589.68,98.38,73.24000000000001,1,1,1.0
100,7,766.95,657.63,384.98,62.08000000000004,1,1,1.0
100,8,0.37,585.46,116.83,83.23000000000002,1,1,1.0
101,7,812.81,642.76,384.28999999999996,76.89999999999998,1,1,1.0
101,8,0.44,584.24,151.98,83.96000000000004,1,1,1.0
102,7,853.12,628.11,362.81000000000006,91.40999999999997,1,1,1.0
102,8,0.06,584.0,173.26,79.38,1,1,1.0
103,7,894.14,620.66,287.4,99.16000000000008,1,1,1.0
103,8,0.39,583.49,200.32000000000002,86.21000000000004,1,1,1.0
104,7,941.44,620.65,242.8599999999999,99.0,1,1,1.0
104,8,0.9,584.15,230.32,87.25999999999999,1,1,1.0
105,7,988.88,629.0,213.40999999999997,90.78999999999996,1,1,1.0
105,8,1.14,584.61,254.05,98.16999999999996,1,1,1.0
106,7,1043.83,652.11,155.36000000000013,67.66999999999996,1,1,1.0
106,8,1.03,586.76,286.79,77.22000000000003,1,1,1.0
107,8,1.27,588.12,313.1,93.08000000000004,1,1,1.0
108,8,1.26,590.4,341.42,92.70000000000005,1,1,1.0
108,9,0.0,0.0,101.19,107.42,1,1,1.0
109,8,1.29,593.16,372.71999999999997,93.13999999999999,1,1,1.0
109,9,0.3,0.93,187.42999999999998,130.5,1,1,1.0
110,8,1.62,595.75,406.36,103.85000000000002,1,1,1.0
110,9,0.14,0.14,275.99,149.11,1,1,1.0
111,8,2.28,598.44,436.20000000000005,101.3599999999999,1,1,1.0
111,9,0.0,0.11,361.1,159.26999999999998,1,1,1.0
112,8,1.19,598.48,468.41,111.62,1,1,1.0
112,9,0.0,0.08,444.44,167.42,1,1,1.0
113,8,0.85,595.85,503.91999999999996,117.94999999999993,1,1,1.0
113,9,0.0,0.0,540.06,167.84,1,1,1.0
114,8,2.26,594.23,530.25,125.40999999999997,1,1,1.0
114,10,0.0,396.69,142.2,147.93,1,1,1.0
114,9,0.0,0.19,615.54,168.73,1,1,1.0
115,8,42.4,593.38,519.2900000000001,126.36000000000001,1,1,1.0
115,10,0.02,367.31,195.03,194.33999999999997,1,1,1.0
115,9,0.0,0.15,706.57,168.72,1,1,1.0
116,8,74.67,595.93,514.7,123.43000000000006,1,1,1.0
116,10,0.38,357.01,259.69,233.21000000000004,1,1,1.0
116,9,2.03,0.44,788.11,167.56,1,1,1.0
117,8,109.92,596.44,519.8000000000001,123.13,1,1,1.0
117,10,0.26,345.9,327.65000000000003,262.61,1,1,1.0
117,9,178.78,0.62,692.01,165.73,1,1,1.0
118,8,134.2,597.31,517.5799999999999,122.21000000000004,1,1,1.0
118,10,0.61,318.74,407.36,314.36,1,1,1.0
118,9,291.4,0.45,704.86,163.73000000000002,1,1,1.0
119,8,178.68,594.63,534.6199999999999,125.09000000000003,1,1,1.0
119,10,0.0,346.23,470.93,309.5799999999999,1,1,1.0
119,9,448.2,0.77,662.47,155.82999999999998,1,1,1.0
120,8,228.07,594.1,529.23,125.84000000000003,1,1,1.0
120,10,0.31,351.75,533.69,330.54999999999995,1,1,1.0
120,9,587.42,0.83,687.9600000000002,150.53,1,1,1.0
121,8,269.67,593.8,557.23,126.20000000000005,1,1,1.0
121,10,1.44,350.42,604.26,351.47999999999996,1,1,1.0
121,9,695.65,0.39,583.2500000000001,147.86,1,1,1.0
122,8,361.93,589.1,503.96999999999997,124.36000000000001,1,1,1.0
122,10,0.0,346.88,661.3,368.32000000000005,1,1,1.0
122,9,810.97,0.75,468.02,144.71,1,1,1.0
123,8,402.83,591.0,503.96999999999997,112.95000000000005,1,1,1.0
123,10,0.0,340.99,723.0,379.01,1,1,1.0
123,11,0.0,439.74,123.91,183.65999999999997,1,1,1.0
123,9,916.71,1.41,363.05999999999995,134.39000000000001,1,1,1.0
124,8,450.4,593.9,487.7900000000001,103.38999999999999,1,1,1.0
124,10,1.36,264.13,770.03,455.47,1,1,1.0
124,11,0.39,444.21,136.73000000000002,175.49000000000007,1,1,1.0
124,9,1028.77,15.26,252.0,116.89,1,1,1.0
125,8,435.2,599.61,533.4300000000001,103.38999999999999,1,1,1.0
125,10,97.26,291.58,699.73,429.58,1,1,1.0
125,11,0.0,449.57,134.25,173.08999999999997,1,1,1.0
125,9,1136.44,16.27,142.97000000000003,126.17999999999999,1,1,1.0
126,8,712.09,608.88,271.51,94.01999999999998,1,1,1.0
126,10,138.01,306.69,682.79,414.65000000000003,1,1,1.0
126,11,0.0,457.89,123.46,173.24,1,1,1.0
126,9,1204.43,7.65,75.56999999999994,147.25,1,1,1.0
127,8,730.82,616.56,292.4799999999999,85.74000000000001,1,1,1.0
127,10,160.49,330.43,678.71,389.57,1,1,1.0
127,11,0.19,464.86,118.72,172.94999999999993,1,1,1.0
128,8,753.0,621.23,319.5999999999999,96.87,1,1,1.0
128,10,205.29,367.52,656.69,353.55000000000007,1,1,1.0
128,11,0.0,469.93,115.75,173.44,1,1,1.0
129,8,785.79,613.79,357.9100000000001,103.88,1,1,1.0
129,10,261.87,406.13,618.16,314.54999999999995,1,1,1.0
129,11,0.08,518.94,109.95,137.5999999999999,1,1,1.0
130,8,767.26,611.45,446.72,108.01999999999998,1,1,1.0
130,10,323.22,439.03,588.68,282.09000000000003,1,1,1.0
130,11,0.0,574.99,102.88,97.03999999999996,1,1,1.0
131,8,807.6,611.23,470.12,108.31999999999994,1,1,1.0
131,10,384.8,474.1,552.4000000000001,245.89999999999998,1,1,1.0
131,11,0.0,615.51,82.62,97.04999999999995,1,1,1.0
132,8,832.84,621.71,444.2199999999999,97.54999999999995,1,1,1.0
132,10,441.9,505.96,499.12,214.04000000000002,1,1,1.0
133,8,845.03,623.61,435.1100000000001,96.08000000000004,1,1,1.0
133,10,487.2,528.46,459.66,191.53999999999996,1,1,1.0
134,8,813.21,629.67,465.1399999999999,89.94000000000005,1,1,1.0
134,10,541.1,552.73,398.65,167.26999999999998,1,1,1.0
134,12,0.0,224.5,81.55,97.49000000000001,1,1,1.0
135,8,830.17,634.21,448.18999999999994,85.36000000000001,1,1,1.0
135,10,599.74,563.18,334.63,157.0100000000001,1,1,1.0
135,12,0.23,211.42,131.58,124.28999999999999,1,1,1.0
136,8,854.45,630.38,425.51,89.63999999999999,1,1,1.0
136,10,625.29,579.2,280.61,140.45999999999992,1,1,1.0
136,12,0.05,198.23,190.35999999999999,153.07000000000002,1,1,1.0
137,8,881.08,628.21,398.7399999999999,91.91999999999996,1,1,1.0
137,10,668.63,596.41,213.66999999999996,123.59000000000003,1,1,1.0
137,12,0.19,189.32,218.5,182.38,1,1,1.0
138,8,914.92,632.39,365.15,87.69000000000005,1,1,1.0
138,10,720.69,612.97,154.0,107.45999999999992,1,1,1.0
138,12,0.34,184.0,259.15000000000003,200.74,1,1,1.0
139,8,952.97,643.65,327.23,76.31000000000006,1,1,1.0
139,10,779.35,634.26,122.45999999999992,85.84000000000003,1,1,1.0
139,12,0.06,173.88,303.61,215.89999999999998,1,1,1.0
140,8,997.32,666.99,282.93999999999994,52.75999999999999,1,1,1.0
140,12,0.0,155.07,349.45,240.62,1,1,1.0
141,12,0.21,145.68,397.59000000000003,253.21999999999997,1,1,1.0
142,12,1.12,157.23,441.89,248.28,1,1,1.0
143,12,1.27,153.93,501.73,256.5,1,1,1.0
144,12,0.99,149.09,555.04,276.64,1,1,1.0
145,12,0.24,138.09,602.97,299.77,1,1,1.0
146,12,0.0,117.84,658.23,331.15,1,1,1.0
147,12,2.55,69.73,707.1600000000001,386.81,1,1,1.0
148,12,68.02,82.22,688.01,377.05999999999995,1,1,1.0
149,12,157.9,100.7,643.97,367.98,1,1,1.0
150,12,235.95,93.78,613.04,387.63,1,1,1.0
151,12,290.38,106.67,606.1,387.59999999999997,1,1,1.0
152,12,351.28,124.11,583.13,387.28999999999996,1,1,1.0
153,12,400.19,136.13,583.45,404.29999999999995,1,1,1.0
154,12,457.7,187.0,636.56,416.5,1,1,1.0
155,12,494.38,221.92,662.18,403.47,1,1,1.0
156,12,554.55,250.23,632.74,384.35,1,1,1.0
157,12,596.8,264.87,636.22,383.6,1,1,1.0
158,12,655.12,267.44,622.13,397.23999999999995,1,1,1.0
159,12,682.9,279.31,596.2700000000001,396.15000000000003,1,1,1.0
160,12,712.16,294.13,566.7800000000001,393.11,1,1,1.0
161,12,740.66,328.44,537.36,373.54,1,1,1.0
162,12,764.33,345.35,515.43,372.73,1,1,1.0
163,12,798.33,378.79,480.91999999999996,336.56,1,1,1.0
164,12,809.43,405.12,470.38,307.03,1,1,1.0
165,12,851.39,431.24,428.89,285.28999999999996,1,1,1.0
166,12,884.2,447.6,395.79999999999995,270.49,1,1,1.0
167,12,909.45,454.88,370.5999999999999,264.66999999999996,1,1,1.0
168,12,954.67,463.79,326.08000000000004,256.21,1,1,1.0
169,12,985.27,481.82,295.6200000000001,238.15000000000003,1,1,1.0
170,12,1029.26,510.18,251.67000000000007,209.79000000000002,1,1,1.0
171,12,1082.95,534.83,197.5999999999999,180.33999999999992,1,1,1.0
172,12,1135.61,564.04,144.46000000000004,152.51999999999998,1,1,1.0
173,13,378.53,684.72,184.83000000000004,35.10000000000002,1,1,1.0
173,12,1203.08,597.37,77.38000000000011,122.24000000000001,1,1,1.0
174,13,393.86,686.39,211.39,33.31000000000006,1,1,1.0
175,13,412.25,686.87,250.85000000000002,32.57000000000005,1,1,1.0
176,13,425.21,682.17,268.07,37.73000000000002,1,1,1.0
177,13,441.83,683.28,268.07,36.72000000000003,1,1,1.0
178,13,480.95,681.1,324.10999999999996,38.43999999999994,1,1,1.0
179,13,542.13,666.73,293.33000000000004,52.819999999999936,1,1,1.0
180,13,568.39,653.2,319.78999999999996,66.29999999999995,1,1,1.0
181,13,651.01,644.9,304.28,74.59000000000003,1,1,1.0
182,13,693.08,632.46,332.93999999999994,87.15999999999997,1,1,1.0
182,14,0.0,664.69,317.74,55.309999999999945,1,1,1.0
183,13,733.11,627.38,363.85,92.37,1,1,1.0
183,14,0.0,667.45,360.49,52.549999999999955,1,1,1.0
184,13,762.5,617.2,422.23,102.55999999999995,1,1,1.0
184,14,0.0,659.17,415.65,60.83000000000004,1,1,1.0
185,13,785.43,615.51,476.0200000000001,104.23000000000002,1,1,1.0
185,14,40.4,649.86,388.67,69.19999999999993,1,1,1.0
186,13,807.22,600.7,471.5,118.94999999999993,1,1,1.0
186,14,79.95,647.5,368.90000000000003,72.11000000000001,1,1,1.0
187,13,825.93,602.78,453.70000000000016,116.46000000000004,1,1,1.0
187,14,125.3,646.83,358.3,72.91999999999996,1,1,1.0
188,13,865.64,612.21,413.5200000000001,106.78999999999996,1,1,1.0
188,14,152.9,644.95,385.9,74.64999999999998,1,1,1.0
189,13,925.5,602.52,354.5,116.73000000000002,1,1,1.0
189,14,190.96,639.47,348.44999999999993,80.38999999999999,1,1,1.0
190,13,983.8,594.65,296.20000000000005,125.35000000000002,1,1,1.0
190,14,218.43,634.88,346.52000000000004,85.03999999999996,1,1,1.0
191,13,1037.75,592.83,242.51,127.09999999999991,1,1,1.0
191,14,230.71,629.0,374.25,90.85000000000002,1,1,1.0
192,13,1106.8,594.65,173.20000000000005,124.47000000000003,1,1,1.0
192,14,206.98,633.15,437.28999999999996,86.68000000000006,1,1,1.0
192,15,0.0,380.62,72.28,66.19,1,1,1.0
193,13,1155.11,620.85,124.8900000000001,99.14999999999998,1,1,1.0
193,14,270.21,629.76,403.07,89.75999999999999,1,1,1.0
193,15,0.12,363.43,133.82999999999998,94.02999999999997,1,1,1.0
194,14,335.67,615.85,365.81,104.38,1,1,1.0
194,15,0.31,351.55,192.53,136.89,1,1,1.0
195,14,368.86,662.4,342.76,57.460000000000036,1,1,1.0
195,15,0.8,348.46,250.44,161.37,1,1,1.0
196,14,400.97,664.06,320.0799999999999,55.73000000000002,1,1,1.0
196,15,0.34,351.17,304.76000000000005,175.52000000000004,1,1,1.0
196,16,0.0,85.98,78.81,80.86,1,1,1.0
197,14,457.07,642.01,246.81,77.96000000000004,1,1,1.0
197,15,0.66,328.43,352.41999999999996,211.95999999999998,1,1,1.0
197,16,0.28,68.86,134.22,129.51,1,1,1.0
198,14,510.85,636.49,150.25,83.50999999999999,1,1,1.0
198,15,0.27,327.4,413.14000000000004,245.76999999999998,1,1,1.0
198,16,0.0,55.85,197.99,164.06,1,1,1.0
199,15,0.51,351.71,460.82,245.11000000000007,1,1,1.0
199,16,0.39,45.96,243.99,200.29,1,1,1.0
200,15,0.62,374.08,514.13,244.90000000000003,1,1,1.0
200,16,0.67,39.03,299.22999999999996,222.88000000000002,1,1,1.0
201,15,0.83,386.63,576.0699999999999,253.57000000000005,1,1,1.0
201,16,0.18,35.11,352.28,236.16999999999996,1,1,1.0
202,15,0.73,399.0,632.8,257.4,1,1,1.0
202,16,0.0,5.91,405.67,280.10999999999996,1,1,1.0
203,15,0.0,350.34,707.2,323.99000000000007,1,1,1.0
203,16,0.0,35.35,459.15,261.98999999999995,1,1,1.0
204,15,67.57,369.02,687.3299999999999,342.6,1,1,1.0
204,16,0.8,53.04,521.8000000000001,267.95,1,1,1.0
205,15,150.29,434.31,692.7,285.66,1,1,1.0
205,16,0.0,65.14,571.27,269.56,1,1,1.0
206,15,235.83,501.51,657.3299999999999,219.37,1,1,1.0
206,16,0.23,78.11,639.55,278.66999999999996,1,1,1.0
207,15,362.46,546.45,589.6500000000001,173.90999999999997,1,1,1.0
207,16,0.0,95.18,709.51,276.45,1,1,1.0
208,15,449.32,528.39,565.6200000000001,191.01999999999998,1,1,1.0
208,16,0.89,45.05,781.4,331.93,1,1,1.0
209,15,559.73,516.66,481.8399999999999,203.14999999999998,1,1,1.0
209,16,116.39,62.79,748.16,325.2,1,1,1.0
210,15,664.26,564.93,469.9200000000001,154.86,1,1,1.0
210,16,227.33,62.12,723.0699999999999,344.39,1,1,1.0
210,17,0.0,577.37,120.48,71.67999999999995,1,1,1.0
211,15,769.14,637.63,310.2600000000001,82.37,1,1,1.0
211,16,331.3,95.3,741.78,336.92,1,1,1.0
211,17,4.21,531.1,158.39,153.01999999999998,1,1,1.0
212,16,440.7,138.0,767.1800000000001,329.04,1,1,1.0
212,17,0.0,526.9,250.98,158.62,1,1,1.0
213,16,551.21,169.1,724.6099999999999,333.28999999999996,1,1,1.0
213,17,0.4,508.44,352.44,184.66000000000003,1,1,1.0
214,16,630.78,168.4,647.1700000000001,331.0,1,1,1.0
214,17,0.39,455.0,423.61,244.79999999999995,1,1,1.0
215,16,764.47,191.93,515.1800000000001,288.0,1,1,1.0
215,17,1.15,454.14,491.56,255.96000000000004,1,1,1.0
216,16,837.8,182.11,441.1700000000001,266.96,1,1,1.0
216,17,0.68,482.41,632.72,234.19,1,1,1.0
217,16,924.5,180.2,355.5,246.55,1,1,1.0
217,17,6.91,433.11,714.72,286.74,1,1,1.0
217,18,102.25,606.97,232.86,113.02999999999997,1,1,1.0
218,16,1022.9,191.5,256.93999999999994,185.26999999999998,1,1,1.0
218,17,218.45,486.68,630.5699999999999,233.08999999999997,1,1,1.0
218,18,112.35,570.4,339.35,149.46000000000004,1,1,1.0
219,16,1146.74,204.5,133.26,164.45,1,1,1.0
219,17,370.47,593.2,550.15,125.79999999999995,1,1,1.0
219,18,146.16,537.48,338.34000000000003,181.57999999999993,1,1,1.0
220,17,564.94,600.57,399.43999999999994,119.27999999999997,1,1,1.0
220,18,189.26,525.14,298.64,194.45000000000005,1,1,1.0
221,17,698.36,595.8,296.62,123.95000000000005,1,1,1.0
221,18,218.04,571.21,223.85999999999999,148.55999999999995,1,1,1.0
222,17,813.39,601.41,159.11,118.59000000000003,1,1,1.0
222,18,236.56,612.97,182.67000000000002,106.78999999999996,1,1,1.0
222,19,0.0,0.0,196.23,131.42,1,1,1.0
223,18,263.2,632.61,125.17000000000002,87.38999999999999,1,1,1.0
223,19,0.09,0.0,181.62,157.97,1,1,1.0
224,19,0.48,0.26,145.62,166.0,1,1,1.0
225,19,0.0,0.0,133.5,143.1,1,1,1.0
225,20,0.0,138.88,83.68,104.24000000000001,1,1,1.0
226,19,0.0,0.0,214.3,114.7,1,1,1.0
226,20,0.0,82.76,93.5,173.04000000000002,1,1,1.0
227,19,0.0,0.0,192.37,100.84,1,1,1.0
227,20,0.0,86.97,93.07,150.13,1,1,1.0
228,19,0.0,0.49,165.04,95.33,1,1,1.0
228,20,0.0,72.66,101.77,194.64000000000001,1,1,1.0
229,19,0.0,0.88,137.9,128.18,1,1,1.0
229,20,0.0,75.97,109.64,224.42999999999998,1,1,1.0
230,19,0.0,0.79,141.63,145.27,1,1,1.0
230,20,0.0,97.48,83.45,164.51999999999998,1,1,1.0
231,19,0.0,0.0,119.1,130.32,1,1,1.0
231,20,0.0,110.11,84.9,150.49,1,1,1.0
232,20,1.4,117.31,120.78,143.08999999999997,1,1,1.0
233,20,0.0,134.96,104.16,138.83,1,1,1.0
234,20,0.0,156.21,88.14,119.89000000000001,1,1,1.0
235,20,0.0,168.83,79.72,69.36999999999998,1,1,1.0
462,21,153.92,681.43,224.41,38.24000000000001,1,1,1.0
463,21,132.38,677.21,270.01,42.360000000000014,1,1,1.0
464,21,148.48,665.4,278.02,54.450000000000045,1,1,1.0
465,21,173.34,664.11,277.03,55.89999999999998,1,1,1.0
466,21,206.78,662.15,266.05999999999995,57.73000000000002,1,1,1.0
467,21,218.03,660.18,281.12,59.700000000000045,1,1,1.0
468,21,211.16,654.91,318.58000000000004,65.05000000000007,1,1,1.0
469,21,225.17,651.47,333.83000000000004,68.32999999999993,1,1,1.0
470,21,241.09,646.66,348.48,73.11000000000001,1,1,1.0
471,21,256.62,642.3,352.33000000000004,77.60000000000002,1,1,1.0
472,21,283.4,635.69,365.99,84.09999999999991,1,1,1.0
472,22,0.0,428.76,84.74,242.5,1,1,1.0
473,21,261.63,627.42,411.78,92.41000000000008,1,1,1.0
473,22,0.0,401.54,89.21,268.7,1,1,1.0
474,21,273.11,620.87,430.74,98.79999999999995,1,1,1.0
474,22,0.14,387.58,98.85,280.81,1,1,1.0
475,21,314.49,610.62,416.66999999999996,108.67999999999995,1,1,1.0
475,22,0.19,373.59,119.21000000000001,273.6000000000001,1,1,1.0
476,21,338.35,602.91,418.18999999999994,115.38,1,1,1.0
476,22,0.22,355.83,145.45,272.02000000000004,1,1,1.0
477,21,370.62,591.38,425.07000000000005,125.28999999999996,1,1,1.0
477,22,0.0,348.97,173.19,245.14999999999998,1,1,1.0
478,21,415.21,584.56,397.94,122.19000000000005,1,1,1.0
478,20,0.5,105.99,78.58,66.55,1,1,1.0
478,22,0.29,342.89,204.73000000000002,244.47000000000003,1,1,1.0
479,21,440.29,576.58,393.45,125.18999999999994,1,1,1.0
479,20,0.77,110.41,116.33,101.77000000000001,1,1,1.0
479,22,0.3,337.71,237.17999999999998,239.82,1,1,1.0
480,21,468.79,571.27,408.35999999999996,134.81000000000006,1,1,1.0
480,20,0.43,82.22,155.03,129.58,1,1,1.0
480,22,0.42,333.41,270.06,227.57,1,1,1.0
481,21,495.4,567.26,409.0400000000001,137.91999999999996,1,1,1.0
481,20,0.3,70.59,176.32999999999998,144.89,1,1,1.0
481,22,5.08,329.1,300.45,224.26,1,1,1.0
482,21,525.74,562.82,408.17999999999995,149.65999999999997,1,1,1.0
482,20,0.12,64.52,227.63,156.7,1,1,1.0
482,22,16.19,325.5,317.78000000000003,214.99,1,1,1.0
483,21,549.4,561.1,402.5,146.73000000000002,1,1,1.0
483,20,0.26,59.84,268.03000000000003,170.48,1,1,1.0
483,22,39.47,321.0,322.42999999999995,208.41999999999996,1,1,1.0
484,21,588.81,554.54,387.20000000000005,152.79000000000008,1,1,1.0
484,20,0.0,56.05,309.1,176.57999999999998,1,1,1.0
484,22,56.81,318.55,329.89,214.18,1,1,1.0
485,21,616.9,552.34,403.2900000000001,150.79999999999995,1,1,1.0
485,20,0.16,51.6,346.04999999999995,186.02,1,1,1.0
485,22,75.62,315.91,332.74,211.69,1,1,1.0
486,21,658.2,551.25,396.70000000000005,133.48000000000002,1,1,1.0
486,20,0.99,44.92,375.83,200.60000000000002,1,1,1.0
486,22,91.07,311.2,331.14,207.91000000000003,1,1,1.0
487,21,684.97,543.62,397.8599999999999,137.67999999999995,1,1,1.0
487,20,0.77,37.98,408.46000000000004,191.61,1,1,1.0
487,22,108.75,306.5,324.81,204.95,1,1,1.0
488,21,716.94,537.65,396.1199999999999,127.56000000000006,1,1,1.0
488,20,0.46,26.73,444.8,201.06,1,1,1.0
488,22,125.53,300.21,320.58000000000004,201.64000000000004,1,1,1.0
489,21,746.06,537.55,386.97,112.80000000000007,1,1,1.0
489,20,0.73,20.17,480.16999999999996,249.26999999999998,1,1,1.0
489,22,140.36,294.16,317.86,203.04999999999995,1,1,1.0
490,21,772.96,533.27,381.78999999999996,105.60000000000002,1,1,1.0
490,20,2.53,10.68,520.28,251.62,1,1,1.0
490,22,150.1,288.29,315.37,204.12,1,1,1.0
491,21,802.83,532.48,380.42999999999995,100.68999999999994,1,1,1.0
491,20,45.3,2.13,514.63,238.16,1,1,1.0
491,22,168.48,285.46,308.24,205.69,1,1,1.0
492,21,837.88,534.79,371.32000000000005,90.37,1,1,1.0
492,20,113.01,0.47,510.09000000000003,218.7,1,1,1.0
492,22,187.79,281.06,299.99,205.24,1,1,1.0
493,21,864.11,530.49,411.84000000000003,87.41999999999996,1,1,1.0
493,20,178.36,0.26,495.97,193.54000000000002,1,1,1.0
493,22,214.22,274.39,291.15,197.96000000000004,1,1,1.0
494,21,910.18,529.48,369.20000000000016,84.98000000000002,1,1,1.0
494,20,231.08,0.14,475.76,193.21,1,1,1.0
494,22,239.42,268.85,281.5,192.87,1,1,1.0
495,21,938.73,527.89,341.70000000000005,83.88,1,1,1.0
495,20,288.83,0.0,443.55,180.26,1,1,1.0
495,22,262.89,264.46,268.66999999999996,146.41000000000003,1,1,1.0
496,21,975.72,526.35,304.01,91.5,1,1,1.0
496,20,371.42,0.1,379.29,168.05,1,1,1.0
496,22,286.34,257.98,272.4800000000001,137.06,1,1,1.0
497,21,1032.25,536.82,248.27999999999997,87.20999999999992,1,1,1.0
497,20,402.89,0.0,393.16999999999996,156.53,1,1,1.0
497,22,315.83,253.1,278.52000000000004,143.56000000000003,1,1,1.0
498,21,1085.42,554.59,194.81999999999994,83.44999999999993,1,1,1.0
498,20,453.07,0.0,391.53000000000003,143.89,1,1,1.0
498,22,347.71,246.85,290.81,144.88000000000002,1,1,1.0
499,21,1114.05,568.9,165.95000000000005,82.60000000000002,1,1,1.0
499,20,506.76,0.0,366.36,129.01,1,1,1.0
499,22,377.19,243.1,294.64000000000004,135.42,1,1,1.0
500,21,1196.56,601.74,83.44000000000005,82.60000000000002,1,1,1.0
500,20,557.57,0.0,365.18999999999994,127.38,1,1,1.0
500,22,411.04,240.25,287.08,136.14,1,1,1.0
501,20,614.57,0.0,358.0999999999999,116.19,1,1,1.0
501,22,440.29,234.07,294.73999999999995,141.94,1,1,1.0
501,23,0.0,234.85,88.67,108.16,1,1,1.0
502,20,665.37,0.0,329.28,113.38,1,1,1.0
502,22,471.79,229.35,302.42,147.42,1,1,1.0
502,23,0.0,229.24,108.3,108.15999999999997,1,1,1.0
502,24,0.37,603.56,67.92999999999999,78.66000000000008,1,1,1.0
503,20,717.05,0.0,321.73,109.56,1,1,1.0
503,22,500.26,224.32,299.78,148.06,1,1,1.0
503,23,0.36,217.5,118.66,115.95999999999998,1,1,1.0
503,24,0.0,595.21,92.14,77.49000000000001,1,1,1.0
504,20,777.91,0.0,283.92999999999995,94.21,1,1,1.0
504,22,535.03,221.58,298.14,143.02,1,1,1.0
504,23,0.32,219.64,157.07,107.63,1,1,1.0
504,24,0.0,596.41,132.66,69.09000000000003,1,1,1.0
505,20,821.83,0.0,274.4599999999999,88.3,1,1,1.0
505,22,548.2,218.79,303.65,138.63000000000002,1,1,1.0
505,23,0.0,204.0,203.13,121.39999999999998,1,1,1.0
505,25,366.89,674.48,104.16000000000003,45.51999999999998,1,1,1.0
505,24,0.0,595.21,145.77,70.28999999999996,1,1,1.0
506,20,875.08,0.0,240.13,79.64,1,1,1.0
506,22,562.13,216.54,301.65,137.27,1,1,1.0
506,23,0.55,202.29,218.39999999999998,125.51000000000002,1,1,1.0
506,25,371.32,667.83,108.05000000000001,48.870000000000005,1,1,1.0
506,24,0.0,602.37,166.04,70.33000000000004,1,1,1.0
507,20,910.34,0.0,196.17999999999995,70.56,1,1,1.0
507,22,582.01,214.46,300.01,139.51000000000002,1,1,1.0
507,23,0.53,204.45,237.48,129.27000000000004,1,1,1.0
507,25,375.76,661.18,111.94,52.22000000000003,1,1,1.0
507,24,0.0,596.41,175.57,79.88999999999999,1,1,1.0
507,26,0.0,453.19,149.31,55.620000000000005,1,1,1.0
508,20,949.69,0.06,168.03999999999996,68.53999999999999,1,1,1.0
508,22,586.93,212.05,297.06000000000006,136.01,1,1,1.0
508,23,0.52,208.45,233.07999999999998,127.99000000000001,1,1,1.0
508,25,366.89,655.64,126.31,52.22000000000003,1,1,1.0
508,24,0.0,607.13,164.84,79.89999999999998,1,1,1.0
508,26,0.0,447.01,149.3,64.88999999999999,1,1,1.0
509,20,969.62,0.0,71.08000000000004,57.7,1,1,1.0
509,22,576.45,207.75,295.7199999999999,134.07999999999998,1,1,1.0
509,23,0.51,219.08,194.78,110.97,1,1,1.0
509,25,343.62,644.56,127.48000000000002,52.22000000000003,1,1,1.0
509,24,0.0,620.24,144.58,64.36000000000001,1,1,1.0
509,26,0.0,450.1,110.16,64.88999999999999,1,1,1.0
509,27,310.01,694.23,275.03,25.769999999999982,1,1,1.0
510,22,559.81,201.14,289.5,133.0,1,1,1.0
510,23,0.74,211.66,152.44,123.48999999999998,1,1,1.0
510,25,317.03,651.21,144.07000000000005,52.219999999999914,1,1,1.0
510,27,307.43,693.2,272.44,26.799999999999955,1,1,1.0
511,22,533.64,193.56,288.28999999999996,129.85000000000002,1,1,1.0
511,23,0.0,222.72,100.01,108.13000000000002,1,1,1.0
511,25,269.39,642.3,199.51,56.700000000000045,1,1,1.0
511,27,304.86,692.17,269.84000000000003,27.83000000000004,1,1,1.0
512,22,513.55,193.49,284.71000000000004,124.65999999999997,1,1,1.0
512,25,239.47,651.16,199.51000000000002,56.700000000000045,1,1,1.0
512,27,301.77,678.8,264.73,41.200000000000045,1,1,1.0
513,22,479.83,190.23,281.37000000000006,130.67,1,1,1.0
513,28,942.49,651.52,148.69000000000005,68.48000000000002,1,1,1.0
513,25,217.31,658.92,199.51,56.700000000000045,1,1,1.0
513,27,315.16,681.89,202.94,38.110000000000014,1,1,1.0
514,22,460.65,193.07,275.59000000000003,131.32999999999998,1,1,1.0
514,28,918.69,634.14,199.83999999999992,85.36000000000001,1,1,1.0
515,22,431.72,198.48,286.0799999999999,128.20000000000002,1,1,1.0
515,28,892.0,618.27,221.1099999999999,101.44000000000005,1,1,1.0
516,22,420.16,202.97,278.84999999999997,128.91,1,1,1.0
516,28,867.16,612.72,229.2500000000001,106.82999999999993,1,1,1.0
516,29,61.6,0.0,301.12,45.12,1,1,1.0
517,22,407.67,209.75,278.05,131.07,1,1,1.0
517,28,848.37,610.11,257.0300000000001,109.0,1,1,1.0
517,29,42.78,0.11,314.65999999999997,44.96,1,1,1.0
518,22,402.61,215.77,283.97,121.42999999999998,1,1,1.0
518,28,833.99,604.04,280.3399999999999,115.23000000000002,1,1,1.0
518,29,59.02,0.0,332.65000000000003,49.04,1,1,1.0
519,22,398.16,220.86,295.73999999999995,119.82,1,1,1.0
519,28,815.98,599.91,313.98,119.78000000000009,1,1,1.0
519,29,68.73,0.0,344.57,53.67,1,1,1.0
519,30,1196.93,679.4,83.06999999999994,40.60000000000002,1,1,1.0
520,22,398.03,222.02,300.44000000000005,119.46000000000001,1,1,1.0
520,28,805.6,592.25,321.4699999999999,127.5,1,1,1.0
520,29,97.67,0.0,345.69,53.15,1,1,1.0
520,30,1189.37,674.69,90.63000000000011,45.309999999999945,1,1,1.0
521,22,397.67,219.83,307.47999999999996,114.16,1,1,1.0
521,28,797.5,583.57,341.8699999999999,135.83999999999992,1,1,1.0
521,29,139.39,0.0,340.98,51.74,1,1,1.0
521,30,1201.71,671.03,77.68000000000006,49.120000000000005,1,1,1.0
522,22,406.01,214.24,311.09000000000003,112.19999999999999,1,1,1.0
522,28,796.73,569.54,381.94000000000005,150.35000000000002,1,1,1.0
522,29,194.53,0.0,322.75,47.54,1,1,1.0
522,30,1199.33,665.07,80.67000000000007,54.92999999999995,1,1,1.0
523,22,419.64,209.33,314.57000000000005,111.73999999999998,1,1,1.0
523,28,806.01,558.37,403.23,161.88,1,1,1.0
523,29,245.41,0.0,317.4100000000001,39.83,1,1,1.0
523,30,1228.65,664.11,51.429999999999836,55.379999999999995,1,1,1.0
524,22,439.63,204.17,309.79999999999995,116.10999999999999,1,1,1.0
524,31,0.31,230.38,133.6,63.26999999999998,1,1,1.0
524,28,809.72,546.34,425.52,173.65999999999997,1,1,1.0
524,29,296.45,0.07,335.35999999999996,37.17,1,1,1.0
524,25,73.52,667.8,254.10000000000002,52.200000000000045,1,1,1.0
525,22,462.16,198.39,306.31,122.41000000000003,1,1,1.0
525,31,0.0,209.51,168.04,76.09000000000003,1,1,1.0
525,28,816.34,535.27,459.88,184.71000000000004,1,1,1.0
525,29,385.73,0.27,288.44999999999993,32.05,1,1,1.0
525,25,76.2,649.83,265.95,68.66999999999996,1,1,1.0
526,22,486.6,193.44,303.15999999999997,127.20999999999998,1,1,1.0
526,31,0.0,189.61,216.66,88.5,1,1,1.0
526,28,835.38,523.2,442.57000000000005,197.01999999999998,1,1,1.0
526,29,451.75,0.0,288.45000000000005,28.13,1,1,1.0
526,25,83.6,634.12,296.78999999999996,65.58000000000004,1,1,1.0
527,22,511.87,188.14,305.78,133.37,1,1,1.0
527,31,0.0,163.62,276.8,116.26999999999998,1,1,1.0
527,28,855.3,511.54,424.1600000000001,208.31,1,1,1.0
527,29,497.74,2.1,291.04999999999995,28.729999999999997,1,1,1.0
527,25,101.77,613.99,294.6,68.63999999999999,1,1,1.0
527,27,237.9,666.42,272.97,53.58000000000004,1,1,1.0
528,22,535.02,181.73,302.01,135.09,1,1,1.0
528,31,0.16,152.26,328.0,113.37,1,1,1.0
528,28,876.0,499.6,403.3900000000001,219.69999999999993,1,1,1.0
528,25,119.95,593.85,292.39,71.69999999999993,1,1,1.0
528,27,268.52,644.44,293.78,75.55999999999995,1,1,1.0
529,22,563.25,177.5,301.55999999999995,129.89999999999998,1,1,1.0
529,31,0.63,146.03,384.5,108.1,1,1,1.0
529,28,890.62,490.26,388.63,228.27999999999997,1,1,1.0
529,25,138.12,573.72,290.2,74.75999999999999,1,1,1.0
529,27,286.46,640.24,342.64000000000004,79.75999999999999,1,1,1.0
530,22,587.6,170.82,304.53999999999996,127.53000000000003,1,1,1.0
530,31,0.38,143.69,422.88,105.42000000000002,1,1,1.0
530,28,899.68,476.27,378.7400000000001,231.39999999999998,1,1,1.0
530,25,156.29,553.58,288.01,77.81999999999994,1,1,1.0
530,32,0.0,451.36,132.31,63.16999999999996,1,1,1.0
530,27,309.86,617.19,369.24,102.80999999999995,1,1,1.0
531,22,608.2,164.06,310.2299999999999,122.23000000000002,1,1,1.0
531,31,29.26,137.34,434.63,99.29999999999998,1,1,1.0
531,28,909.3,461.72,370.1400000000001,215.26,1,1,1.0
531,25,167.0,536.3,303.4,95.30000000000007,1,1,1.0
531,32,0.0,447.79,157.33,60.81,1,1,1.0
531,27,337.14,607.64,386.26,112.36000000000001,1,1,1.0
532,22,629.87,159.54,315.58000000000004,120.15,1,1,1.0
532,31,88.3,127.87,412.63,104.93,1,1,1.0
532,28,919.61,451.01,360.82000000000005,200.39999999999998,1,1,1.0
532,25,188.6,518.7,270.5,98.5,1,1,1.0
532,33,0.0,432.3,71.52,287.7,1,1,1.0
532,32,63.67,436.34,107.02999999999999,60.82000000000005,1,1,1.0
532,27,354.92,596.78,383.18,123.22000000000003,1,1,1.0
532,34,0.0,75.72,80.46,69.36000000000001,1,1,1.0
533,22,647.68,154.16,314.70000000000005,116.35,1,1,1.0
533,31,159.95,132.35,380.37000000000006,96.09,1,1,1.0
533,28,930.05,443.74,350.53,194.59000000000003,1,1,1.0
533,25,200.93,505.35,273.57,127.25,1,1,1.0
533,33,0.0,454.3,103.01,265.7,1,1,1.0
533,32,72.3,445.3,104.79,52.0,1,1,1.0
533,27,374.48,591.87,428.22,128.13,1,1,1.0
533,35,0.0,415.48,62.59,95.84999999999997,1,1,1.0
533,36,138.26,313.11,114.42000000000002,97.72999999999996,1,1,1.0
533,34,0.19,90.73,94.98,89.54,1,1,1.0
534,37,468.37,649.36,143.83000000000004,69.98000000000002,1,1,1.0
534,22,655.29,149.22,310.0,116.17999999999998,1,1,1.0
534,31,206.44,133.76,352.61999999999995,97.67000000000002,1,1,1.0
534,28,917.82,426.05,362.12,186.90000000000003,1,1,1.0
534,25,201.16,498.11,258.91999999999996,134.22000000000003,1,1,1.0
534,33,0.0,447.2,114.85,272.32,1,1,1.0
534,32,75.1,430.5,103.42000000000002,66.95999999999998,1,1,1.0
534,27,373.06,583.57,445.43,136.42999999999995,1,1,1.0
534,35,0.0,408.32,69.75,95.86000000000001,1,1,1.0
534,36,150.26,313.06,116.74000000000001,90.63999999999999,1,1,1.0
534,34,0.34,90.41,106.86999999999999,98.1,1,1,1.0
535,37,455.97,643.7,147.5,75.17999999999995,1,1,1.0
535,22,640.0,145.41,329.88,107.16,1,1,1.0
535,31,235.66,126.0,332.24,109.69999999999999,1,1,1.0
535,28,893.74,412.38,386.26,188.72000000000003,1,1,1.0
535,25,180.35,498.21,267.31000000000006,125.05000000000001,1,1,1.0
535,33,0.98,462.6,123.82,233.79999999999995,1,1,1.0
535,32,59.6,435.0,95.6,58.620000000000005,1,1,1.0
535,27,361.91,572.94,448.21,146.9899999999999,1,1,1.0
535,35,0.0,406.89,57.59,95.86000000000001,1,1,1.0
535,36,144.58,319.52,118.31999999999996,93.68,1,1,1.0
535,34,0.48,97.14,101.99,91.13000000000001,1,1,1.0
536,37,492.73,656.38,165.35000000000002,63.14999999999998,1,1,1.0
536,22,634.72,138.75,303.90999999999997,101.57,1,1,1.0
536,31,250.52,132.13,337.65,97.45000000000002,1,1,1.0
536,28,889.27,400.74,390.73,171.46000000000004,1,1,1.0
536,25,181.01,489.63,271.71000000000004,132.49,1,1,1.0
536,33,2.28,477.4,148.52,179.39999999999998,1,1,1.0
536,32,84.3,438.2,76.16000000000001,61.31,1,1,1.0
536,27,366.42,566.0,421.18,152.76999999999998,1,1,1.0
536,35,0.0,400.45,68.32,95.86000000000001,1,1,1.0
536,36,150.85,320.49,124.75000000000003,97.40999999999997,1,1,1.0
536,34,0.17,105.43,95.36,84.16999999999999,1,1,1.0
537,37,505.41,650.2,162.96999999999997,69.13999999999999,1,1,1.0
537,22,635.11,134.77,302.13,98.94,1,1,1.0
537,31,265.4,132.82,345.06000000000006,89.08000000000001,1,1,1.0
537,28,881.7,389.25,398.29999999999995,150.75,1,1,1.0
537,25,181.01,485.52,279.18,135.39,1,1,1.0
537,33,7.87,462.4,159.06,181.40999999999997,1,1,1.0
537,32,80.8,400.8,77.32000000000001,87.40999999999997,1,1,1.0
537,27,378.45,557.78,398.50000000000006,160.76999999999998,1,1,1.0
537,35,0.16,394.58,71.15,95.28000000000003,1,1,1.0
537,36,156.22,308.37,132.58,103.63,1,1,1.0
537,34,0.35,111.08,98.30000000000001,88.67999999999999,1,1,1.0
538,37,510.12,644.05,165.39999999999998,75.35000000000002,1,1,1.0
538,22,635.1,133.43,299.41999999999996,92.66,1,1,1.0
538,31,280.99,134.32,348.93999999999994,88.18,1,1,1.0
538,28,870.75,375.34,409.25,156.26000000000005,1,1,1.0
538,25,175.45,482.32,292.17,146.22999999999996,1,1,1.0
538,33,52.24,397.26,112.75999999999999,249.74,1,1,1.0
538,27,398.02,549.09,366.76,168.79999999999995,1,1,1.0
538,35,0.04,394.57,65.89,99.94999999999999,1,1,1.0
538,36,164.41,318.15,139.59,89.65000000000003,1,1,1.0
538,34,0.24,121.3,102.09,90.77,1,1,1.0
538,38,934.9,670.08,151.20999999999992,50.049999999999955,1,1,1.0
539,37,491.62,650.39,173.20000000000005,68.99000000000001,1,1,1.0
539,22,626.65,133.4,294.1,87.66999999999999,1,1,1.0
539,31,287.38,132.31,349.53999999999996,93.91,1,1,1.0
539,28,844.43,370.26,435.57000000000005,152.44000000000005,1,1,1.0
539,25,150.3,495.5,306.61,136.86,1,1,1.0
539,33,21.25,407.99,107.35,254.51,1,1,1.0
539,27,396.92,548.4,336.11999999999995,170.97000000000003,1,1,1.0
539,36,152.1,322.0,147.29999999999998,92.0,1,1,1.0
539,34,0.13,132.96,88.48,77.29999999999998,1,1,1.0
539,38,909.98,646.96,158.58999999999992,72.81999999999994,1,1,1.0
540,37,472.77,658.07,171.01999999999998,61.629999999999995,1,1,1.0
540,22,602.6,135.54,283.49,88.45000000000002,1,1,1.0
540,31,281.46,132.94,343.36000000000007,98.14000000000001,1,1,1.0
540,28,804.09,361.59,463.2099999999999,148.41000000000003,1,1,1.0
540,25,109.4,495.9,328.46000000000004,155.95000000000005,1,1,1.0
540,33,1.94,413.06,71.56,238.39000000000004,1,1,1.0
540,27,387.17,552.56,327.42,167.35000000000002,1,1,1.0
540,36,129.0,332.55,137.2,82.94999999999999,1,1,1.0
540,38,881.52,632.22,192.56999999999994,87.60000000000002,1,1,1.0
541,37,459.67,660.31,159.96999999999997,59.59000000000003,1,1,1.0
541,22,576.9,141.66,274.05000000000007,80.47999999999999,1,1,1.0
541,31,265.0,135.98,359.78999999999996,103.10000000000002,1,1,1.0
541,28,768.93,357.21,431.97000000000014,146.19,1,1,1.0
541,30,1110.73,473.23,169.26999999999998,94.14999999999998,1,1,1.0
541,25,51.59,512.66,344.12,145.5300000000001,1,1,1.0
541,27,367.86,561.75,322.54999999999995,157.99,1,1,1.0
541,36,80.52,337.17,181.08000000000004,105.22999999999996,1,1,1.0
541,38,854.57,622.07,206.64,97.64999999999998,1,1,1.0
542,37,450.13,665.07,131.99,55.07999999999993,1,1,1.0
542,22,549.08,147.01,270.2299999999999,84.98000000000002,1,1,1.0
542,31,250.12,142.45,359.83000000000004,102.83000000000001,1,1,1.0
542,28,726.34,352.69,402.35,120.78000000000003,1,1,1.0
542,30,1052.33,460.12,227.67000000000007,129.88,1,1,1.0
542,25,26.5,527.7,317.4,112.25,1,1,1.0
542,27,356.37,569.53,300.68999999999994,150.38,1,1,1.0
542,36,35.11,349.47,162.39,95.72999999999996,1,1,1.0
542,38,814.13,616.1,221.31000000000006,103.51999999999998,1,1,1.0
543,37,432.17,666.4,112.03000000000003,53.60000000000002,1,1,1.0
543,22,528.54,154.23,245.58000000000004,81.42000000000002,1,1,1.0
543,31,235.77,151.32,357.15999999999997,97.18,1,1,1.0
543,28,684.81,351.36,395.6400000000001,128.45999999999998,1,1,1.0
543,30,994.76,456.69,282.53999999999996,116.20999999999998,1,1,1.0
543,39,1169.57,424.63,110.43000000000006,96.72000000000003,1,1,1.0
543,25,12.44,540.97,298.76,102.87,1,1,1.0
543,27,342.67,571.67,269.29,147.86,1,1,1.0
543,36,0.0,339.16,111.11,95.03999999999996,1,1,1.0
543,38,792.59,614.6,220.39999999999998,105.17999999999995,1,1,1.0
544,22,495.27,160.93,249.98000000000002,77.91999999999999,1,1,1.0
544,31,216.96,156.74,370.27,99.46999999999997,1,1,1.0
544,28,645.38,348.63,382.35,115.38,1,1,1.0
544,30,961.74,455.65,255.96000000000004,100.45000000000005,1,1,1.0
544,40,1161.62,521.9,118.38000000000011,116.96000000000004,1,1,1.0
544,39,1116.28,415.76,163.30999999999995,139.31000000000006,1,1,1.0
544,25,0.0,558.92,259.3,102.87,1,1,1.0
544,27,306.34,565.62,269.94,153.84000000000003,1,1,1.0
544,38,750.43,605.7,243.43000000000006,113.96999999999991,1,1,1.0
545,22,460.33,160.93,239.87000000000006,79.07,1,1,1.0
545,31,203.71,161.03,363.5899999999999,106.45000000000002,1,1,1.0
545,28,600.22,348.41,374.99,107.36999999999995,1,1,1.0
545,30,931.07,446.09,242.13,92.61000000000007,1,1,1.0
545,40,1118.53,518.06,161.47000000000003,129.24,1,1,1.0
545,39,1065.89,403.71,212.8499999999999,145.09999999999997,1,1,1.0
545,25,0.0,570.23,227.38,102.87,1,1,1.0
545,27,296.21,564.17,224.88000000000005,155.86,1,1,1.0
545,38,715.13,593.73,240.21000000000004,126.30999999999995,1,1,1.0
546,22,441.6,163.41,222.57999999999993,82.55000000000001,1,1,1.0
546,31,196.14,165.12,363.65,101.0,1,1,1.0
546,28,567.85,346.85,372.64,117.83999999999997,1,1,1.0
546,30,893.27,444.98,251.43000000000006,93.22000000000003,1,1,1.0
546,40,1075.44,500.36,172.26,137.74,1,1,1.0
546,39,1035.3,394.38,244.76999999999998,183.49,1,1,1.0
546,25,0.0,583.53,145.58,102.87,1,1,1.0
546,27,284.52,552.1,211.98000000000002,167.89999999999998,1,1,1.0
546,38,688.2,586.95,257.24,133.04999999999995,1,1,1.0
547,22,421.2,164.56,227.04000000000002,86.02000000000001,1,1,1.0
547,31,202.95,162.38,363.75000000000006,99.37,1,1,1.0
547,28,538.93,345.95,362.75,98.13,1,1,1.0
547,29,845.35,0.0,342.9999999999999,40.87,1,1,1.0
547,30,847.05,433.88,282.75,96.12,1,1,1.0
547,40,996.19,444.96,184.6099999999999,156.24000000000007,1,1,1.0
547,39,1005.59,388.14,273.89,197.44000000000005,1,1,1.0
547,25,0.0,588.85,107.68,102.87,1,1,1.0
547,27,259.75,566.0,197.64999999999998,154.0,1,1,1.0
547,38,661.3,581.98,259.71000000000004,137.57999999999993,1,1,1.0
548,22,445.2,159.8,176.28000000000003,89.48999999999998,1,1,1.0
548,31,199.57,159.74,367.33,95.97,1,1,1.0
548,28,504.58,342.55,361.08,96.37,1,1,1.0
548,29,849.47,0.14,340.01,41.99,1,1,1.0
548,30,811.1,424.61,275.30000000000007,101.78999999999996,1,1,1.0
548,40,949.2,431.1,250.06999999999994,201.64999999999998,1,1,1.0
548,39,976.04,382.94,248.79999999999995,166.56,1,1,1.0
548,27,267.0,559.09,156.41000000000003,160.91999999999996,1,1,1.0
548,38,644.04,578.7,298.9100000000001,141.28999999999996,1,1,1.0
549,22,419.35,156.66,182.49,92.96000000000001,1,1,1.0
549,31,198.53,154.1,368.97,96.77000000000001,1,1,1.0
549,28,474.84,338.77,354.6000000000001,94.07,1,1,1.0
549,29,852.17,0.07,350.4,42.38,1,1,1.0
549,30,795.6,422.16,263.58000000000004,96.69,1,1,1.0
549,40,924.58,420.33,250.06000000000006,201.64000000000004,1,1,1.0
549,39,946.25,373.49,241.79999999999995,176.20000000000005,1,1,1.0
549,27,248.23,556.25,157.08,163.54999999999995,1,1,1.0
549,38,618.45,571.02,299.7099999999999,148.68000000000006,1,1,1.0
550,31,202.6,146.9,367.0,97.63,1,1,1.0
550,28,442.47,336.98,355.74,89.12,1,1,1.0
550,29,855.7,0.13,356.53999999999996,41.669999999999995,1,1,1.0
550,30,760.14,417.47,268.7600000000001,87.54999999999995,1,1,1.0
550,40,896.1,415.7,243.91999999999996,202.43,1,1,1.0
550,39,921.07,367.34,239.33000000000004,171.76000000000005,1,1,1.0
550,27,256.86,569.82,100.33999999999997,150.17999999999995,1,1,1.0
550,38,595.73,563.65,315.66999999999996,156.35000000000002,1,1,1.0
550,41,0.0,668.92,95.97,51.08000000000004,1,1,1.0
551,31,215.46,139.85,360.5799999999999,101.99000000000001,1,1,1.0
551,28,418.06,331.51,346.78000000000003,88.13999999999999,1,1,1.0
551,29,869.89,0.05,387.2800000000001,41.74,1,1,1.0
551,30,747.42,412.74,265.7800000000001,83.75999999999999,1,1,1.0
551,40,876.86,408.78,235.43999999999994,195.51999999999998,1,1,1.0
551,39,899.95,364.96,208.27999999999997,151.41000000000003,1,1,1.0
551,27,275.43,568.37,60.19999999999999,151.63,1,1,1.0
551,38,572.2,558.53,307.9,156.26999999999998,1,1,1.0
551,41,0.0,655.02,126.08,64.38,1,1,1.0
551,42,900.89,669.53,67.53999999999996,50.47000000000003,1,1,1.0
551,43,1047.22,673.62,102.32999999999993,46.379999999999995,1,1,1.0
552,31,215.98,135.74,362.90999999999997,95.44,1,1,1.0
552,28,383.99,329.22,356.01,87.38,1,1,1.0
552,29,869.79,0.0,396.45000000000005,40.31,1,1,1.0
552,30,740.18,412.63,240.92000000000007,81.07,1,1,1.0
552,40,853.8,401.1,234.6500000000001,184.73000000000002,1,1,1.0
552,39,869.02,359.26,215.3499999999999,153.5,1,1,1.0
552,27,251.3,600.69,75.38,120.13,1,1,1.0
552,38,552.2,556.72,309.5,149.77999999999997,1,1,1.0
552,41,0.0,649.61,163.56,69.51999999999998,1,1,1.0
552,42,881.68,655.17,70.42000000000007,64.83000000000004,1,1,1.0
552,44,978.26,683.1,64.41000000000008,36.89999999999998,1,1,1.0
552,43,1016.92,659.0,124.67999999999995,60.73000000000002,1,1,1.0
553,31,212.44,134.06,380.81,98.53,1,1,1.0
553,28,358.47,325.74,357.4,88.40999999999997,1,1,1.0
553,29,873.99,0.01,401.1700000000001,40.52,1,1,1.0
553,30,716.1,406.9,224.69999999999993,74.60000000000002,1,1,1.0
553,40,842.3,396.5,221.52999999999997,182.40999999999997,1,1,1.0
553,39,865.24,357.19,197.47000000000003,154.14999999999998,1,1,1.0
553,27,260.07,609.2,62.97000000000003,111.30999999999995,1,1,1.0
553,38,532.63,554.92,295.97,139.58000000000004,1,1,1.0
553,41,0.39,641.99,201.70000000000002,77.14999999999998,1,1,1.0
553,42,863.52,646.64,89.58000000000004,73.36000000000001,1,1,1.0
553,45,1228.53,297.88,51.47000000000003,60.610000000000014,1,1,1.0
553,44,958.55,664.91,65.15000000000009,55.09000000000003,1,1,1.0
553,43,996.98,650.68,135.31999999999994,69.32000000000005,1,1,1.0
554,22,218.3,134.5,285.65999999999997,108.12,1,1,1.0
554,31,223.5,131.22,372.29999999999995,103.75,1,1,1.0
554,28,325.16,323.59,360.3,88.21000000000004,1,1,1.0
554,29,885.86,0.07,390.0300000000001,44.12,1,1,1.0
554,30,694.42,402.47,224.26,76.70999999999998,1,1,1.0
554,40,824.21,392.0,209.58999999999992,178.5,1,1,1.0
554,39,840.51,352.63,202.51,149.68,1,1,1.0
554,27,272.4,615.69,59.03000000000003,104.26999999999998,1,1,1.0
554,38,509.82,553.33,307.38000000000005,137.16999999999996,1,1,1.0
554,41,0.4,626.86,268.20000000000005,91.86000000000001,1,1,1.0
554,46,742.84,674.93,118.39999999999998,45.07000000000005,1,1,1.0
554,42,850.98,641.83,84.81999999999994,78.16999999999996,1,1,1.0
554,45,1188.13,294.09,91.86999999999989,82.11000000000001,1,1,1.0
554,47,1233.05,572.53,46.950000000000045,76.17000000000007,1,1,1.0
554,44,949.46,646.72,76.53999999999996,73.27999999999997,1,1,1.0
554,43,980.6,641.02,128.89999999999998,78.98000000000002,1,1,1.0
555,22,197.53,129.59,287.63,111.72,1,1,1.0
555,31,237.6,128.05,372.62,105.88999999999999,1,1,1.0
555,28,292.44,322.87,370.96,87.55000000000001,1,1,1.0
555,29,899.46,0.0,378.05999999999995,47.27,1,1,1.0
555,30,681.71,403.72,214.95999999999992,83.46999999999997,1,1,1.0
555,40,805.7,388.87,201.79999999999995,171.02999999999997,1,1,1.0
555,39,816.24,350.95,201.35000000000002,135.85000000000002,1,1,1.0
555,27,287.59,623.63,50.27000000000004,96.11000000000001,1,1,1.0
555,38,487.2,551.72,299.69,120.14999999999998,1,1,1.0
555,41,1.2,626.92,298.90000000000003,92.12,1,1,1.0
555,46,718.96,671.01,155.14,48.99000000000001,1,1,1.0
555,42,833.28,631.64,97.82000000000005,88.35000000000002,1,1,1.0
555,45,1151.29,288.42,128.55999999999995,89.34999999999997,1,1,1.0
555,47,1203.82,550.6,76.18000000000006,87.75,1,1,1.0
555,44,946.43,625.51,95.47000000000014,94.49000000000001,1,1,1.0
555,43,969.04,633.75,133.96000000000004,86.25,1,1,1.0
556,22,167.08,127.91,289.59000000000003,115.32,1,1,1.0
556,31,256.4,123.46,366.64,116.41000000000001,1,1,1.0
556,28,264.07,321.76,383.23999999999995,90.15000000000003,1,1,1.0
556,29,903.34,0.06,373.62,48.11,1,1,1.0
556,30,665.87,402.51,219.73000000000002,86.29000000000002,1,1,1.0
556,40,793.82,387.05,210.9799999999999,177.34999999999997,1,1,1.0
556,39,813.72,348.25,190.33999999999992,133.57999999999998,1,1,1.0
556,38,469.91,549.04,302.16,117.82000000000005,1,1,1.0
556,41,0.62,627.49,335.9,91.76999999999998,1,1,1.0
556,46,705.15,667.5,155.49,52.5,1,1,1.0
556,42,824.31,629.72,91.29000000000008,89.90999999999997,1,1,1.0
556,45,1121.55,281.15,157.78999999999996,101.07000000000005,1,1,1.0
556,47,1191.04,562.8,60.36000000000013,83.47000000000003,1,1,1.0
556,48,1236.19,95.02,43.809999999999945,58.35000000000001,1,1,1.0
556,44,943.4,624.75,90.19999999999993,95.25,1,1,1.0
556,43,991.0,635.84,82.90000000000009,84.15999999999997,1,1,1.0
557,22,145.83,121.28,291.56999999999994,118.93,1,1,1.0
557,31,268.6,120.53,364.03999999999996,122.02000000000001,1,1,1.0
557,28,228.64,322.03,402.27,92.88000000000005,1,1,1.0
557,29,912.45,0.05,366.6099999999999,53.32,1,1,1.0
557,30,650.09,401.55,225.40999999999997,88.75,1,1,1.0
557,40,784.13,390.98,201.16999999999996,168.62,1,1,1.0
557,39,798.61,344.66,193.46000000000004,130.16999999999996,1,1,1.0
557,38,451.35,549.69,304.42999999999995,112.14999999999998,1,1,1.0
557,41,0.36,622.36,400.32,96.52999999999997,1,1,1.0
557,46,692.17,664.48,159.81000000000006,55.51999999999998,1,1,1.0
557,42,812.29,619.74,101.91000000000008,99.61000000000001,1,1,1.0
557,45,1090.21,277.29,189.82999999999993,107.72999999999996,1,1,1.0
557,47,1170.0,535.3,90.5,111.67000000000007,1,1,1.0
557,48,1219.97,97.37,59.930000000000064,67.22,1,1,1.0
557,44,937.3,604.29,72.0,115.71000000000004,1,1,1.0
557,43,925.29,622.42,134.25,97.58000000000004,1,1,1.0
558,22,125.3,122.44,303.74,122.53999999999999,1,1,1.0
558,31,294.8,117.64,346.64000000000004,124.82000000000001,1,1,1.0
558,28,201.1,321.67,413.94999999999993,95.55000000000001,1,1,1.0
558,29,920.51,0.0,358.6600000000001,49.88,1,1,1.0
558,30,639.13,401.25,225.97000000000003,91.05000000000001,1,1,1.0
558,40,775.68,386.14,193.62,155.36,1,1,1.0
558,39,784.31,339.84,206.79000000000008,136.96000000000004,1,1,1.0
558,38,443.53,550.43,295.30000000000007,102.58000000000004,1,1,1.0
558,41,1.23,614.9,444.03,103.97000000000003,1,1,1.0
558,46,676.06,661.4,167.44000000000005,58.60000000000002,1,1,1.0
558,42,807.09,613.07,100.99000000000001,106.19999999999993,1,1,1.0
558,45,1075.14,267.53,202.62999999999988,117.15000000000003,1,1,1.0
558,47,1155.39,537.8,91.30999999999995,93.95000000000005,1,1,1.0
558,48,1202.5,96.17,77.19000000000005,71.61,1,1,1.0
558,44,930.1,595.95,82.03999999999996,124.04999999999995,1,1,1.0
558,43,920.21,613.19,142.57999999999993,106.80999999999995,1,1,1.0
559,22,91.0,116.3,315.86,131.99,1,1,1.0
559,31,320.58,131.38,345.45,95.43,1,1,1.0
559,28,161.31,320.64,433.18,101.86000000000001,1,1,1.0
559,29,935.75,0.0,343.5,51.63,1,1,1.0
559,30,624.77,399.0,225.57000000000005,92.01999999999998,1,1,1.0
559,40,761.42,385.42,183.58000000000004,141.78000000000003,1,1,1.0
559,39,768.45,333.82,205.44999999999993,134.88,1,1,1.0
559,38,429.96,551.68,300.92,103.49000000000001,1,1,1.0
559,41,0.0,615.34,498.04,104.65999999999997,1,1,1.0
559,46,656.09,656.34,187.62,63.65999999999997,1,1,1.0
559,42,791.33,602.72,121.92999999999995,116.74000000000001,1,1,1.0
559,45,1046.26,257.63,212.8499999999999,118.88999999999999,1,1,1.0
559,47,1142.62,548.3,72.38000000000011,77.49000000000001,1,1,1.0
559,48,1181.0,90.28,99.08999999999992,76.44999999999999,1,1,1.0
559,44,922.9,587.62,92.08000000000004,132.38,1,1,1.0
559,43,903.72,602.46,155.41000000000008,117.53999999999996,1,1,1.0
560,22,51.51,115.17,327.79,127.83,1,1,1.0
560,31,301.3,130.13,364.54,98.22,1,1,1.0
560,28,104.43,320.68,465.85999999999996,108.50999999999999,1,1,1.0
560,29,938.19,0.02,339.99,39.76,1,1,1.0
560,30,598.77,400.14,219.56000000000006,91.90000000000003,1,1,1.0
560,40,737.63,380.4,182.16999999999996,134.5,1,1,1.0
560,39,747.42,329.05,196.71000000000004,126.27999999999997,1,1,1.0
560,38,397.82,553.25,313.97999999999996,87.14999999999998,1,1,1.0
560,41,0.08,617.2,551.77,102.05999999999995,1,1,1.0
560,46,638.26,652.35,197.88,67.64999999999998,1,1,1.0
560,42,780.11,595.78,135.99,123.77999999999997,1,1,1.0
560,45,1013.66,251.05,199.65999999999997,100.14999999999998,1,1,1.0
560,47,1123.64,538.4,48.75999999999999,85.44000000000005,1,1,1.0
560,48,1141.87,86.1,137.97000000000003,79.5,1,1,1.0
560,49,1217.29,494.48,62.710000000000036,110.57999999999993,1,1,1.0
560,44,915.7,579.28,102.12,140.72000000000003,1,1,1.0
560,43,888.92,592.7,157.61,126.66999999999996,1,1,1.0
561,22,11.47,106.55,343.97999999999996,123.92,1,1,1.0
561,31,308.25,128.77,370.64,93.63999999999999,1,1,1.0
561,28,58.16,319.74,496.11,114.89999999999998,1,1,1.0
561,29,940.87,0.0,335.4599999999999,44.9,1,1,1.0
561,30,589.12,394.93,217.91999999999996,82.88,1,1,1.0
561,40,725.17,374.58,180.13,126.02000000000004,1,1,1.0
561,39,733.06,323.35,195.9000000000001,116.01999999999998,1,1,1.0
561,38,378.63,553.58,323.16999999999996,75.71999999999991,1,1,1.0
561,41,2.61,612.35,620.49,107.12,1,1,1.0
561,46,630.19,647.76,201.40999999999997,72.24000000000001,1,1,1.0
561,42,773.31,591.96,134.70000000000005,127.44999999999993,1,1,1.0
561,45,991.57,237.19,203.03999999999985,107.67000000000002,1,1,1.0
561,47,1111.44,536.52,66.27999999999997,109.69000000000005,1,1,1.0
561,48,1121.24,86.9,158.46000000000004,78.43,1,1,1.0
561,50,1202.49,391.05,77.50999999999999,39.289999999999964,1,1,1.0
561,49,1217.29,476.2,62.710000000000036,128.85999999999996,1,1,1.0
561,44,908.5,570.95,112.16999999999996,149.04999999999995,1,1,1.0
561,43,884.12,586.2,175.9799999999999,133.6099999999999,1,1,1.0
562,51,1210.25,168.46,69.1099999999999,58.97999999999999,1,1,1.0
562,22,1.3,105.25,351.68,132.16,1,1,1.0
562,31,319.57,128.79,383.73999999999995,86.49000000000001,1,1,1.0
562,28,36.37,317.55,506.15,124.90999999999997,1,1,1.0
562,29,954.37,0.0,322.09000000000003,45.32,1,1,1.0
562,30,582.54,391.43,223.73000000000002,76.92000000000002,1,1,1.0
562,40,720.61,369.32,193.49,133.28000000000003,1,1,1.0
562,39,730.62,318.9,193.52999999999997,112.59000000000003,1,1,1.0
562,38,363.65,551.27,330.55000000000007,71.52999999999997,1,1,1.0
562,41,109.5,605.76,591.8,114.24000000000001,1,1,1.0
562,46,669.05,646.04,184.1500000000001,73.96000000000004,1,1,1.0
562,42,771.75,589.26,138.69000000000005,129.88,1,1,1.0
562,45,979.85,229.55,220.20999999999992,108.76999999999998,1,1,1.0
562,47,1109.64,535.69,60.1099999999999,109.63,1,1,1.0
562,48,1102.22,69.1,176.88999999999987,88.87,1,1,1.0
562,50,1195.29,380.9,84.71000000000004,46.700000000000045,1,1,1.0
562,49,1218.27,472.38,61.38000000000011,103.58000000000004,1,1,1.0
562,44,908.5,561.85,131.8699999999999,158.14999999999998,1,1,1.0
562,43,883.32,580.8,185.00999999999988,139.01,1,1,1.0
563,51,1214.12,166.96,65.31000000000017,60.19,1,1,1.0
563,22,0.68,99.57,347.58,133.36,1,1,1.0
563,31,339.48,124.43,379.88,92.09,1,1,1.0
563,28,6.09,309.87,519.37,132.14,1,1,1.0
563,29,980.7,0.0,290.26,40.48,1,1,1.0
563,30,578.09,389.69,215.44999999999993,74.17000000000002,1,1,1.0
563,40,726.37,365.17,176.59000000000003,122.10999999999996,1,1,1.0
563,39,727.01,312.26,192.16999999999996,108.05000000000001,1,1,1.0
563,38,357.49,545.86,335.03999999999996,69.44999999999993,1,1,1.0
563,41,218.2,594.1,554.0999999999999,124.90999999999997,1,1,1.0
563,42,772.69,584.22,138.30999999999995,134.66999999999996,1,1,1.0
563,45,959.59,214.8,255.4999999999999,132.01,1,1,1.0
563,47,1110.44,537.53,56.289999999999964,108.88999999999999,1,1,1.0
563,48,1091.2,70.0,188.79999999999995,87.4,1,1,1.0
563,50,1172.94,371.5,106.51999999999998,53.94999999999999,1,1,1.0
563,49,1218.09,464.52,61.1400000000001,105.70000000000005,1,1,1.0
563,44,908.1,549.35,145.14999999999998,170.64999999999998,1,1,1.0
563,43,881.05,575.0,187.80999999999995,143.64999999999998,1,1,1.0
564,51,1211.61,164.08,67.86000000000013,61.19999999999999,1,1,1.0
564,22,0.19,92.61,354.91,133.94,1,1,1.0
564,31,371.12,116.74,379.27,96.97000000000001,1,1,1.0
564,28,0.8,301.91,511.56,137.75,1,1,1.0
564,29,1010.26,0.0,261.8900000000001,40.23,1,1,1.0
564,30,575.67,385.37,218.0200000000001,68.94999999999999,1,1,1.0
564,40,723.4,356.13,167.09000000000003,114.57,1,1,1.0
564,39,724.76,304.52,198.76,106.24000000000001,1,1,1.0
564,38,353.06,540.19,336.24999999999994,74.44999999999993,1,1,1.0
564,41,286.04,584.8,586.3599999999999,133.85000000000002,1,1,1.0
564,42,776.43,575.44,133.05000000000007,97.3599999999999,1,1,1.0
564,45,945.09,195.9,246.11,137.1,1,1,1.0
564,47,1123.76,524.06,52.25999999999999,118.58000000000004,1,1,1.0
564,48,1083.88,58.91,193.7099999999998,93.41,1,1,1.0
564,50,1164.11,361.1,115.56000000000017,62.870000000000005,1,1,1.0
564,49,1223.94,457.6,56.13999999999987,99.24000000000001,1,1,1.0
564,44,907.7,536.84,158.43000000000006,183.15999999999997,1,1,1.0
564,43,881.67,567.2,196.99000000000012,150.93999999999994,1,1,1.0
565,51,1216.93,158.7,62.899999999999864,64.10000000000002,1,1,1.0
565,22,0.0,83.84,357.19,130.46,1,1,1.0
565,31,413.69,105.79,362.34,116.42,1,1,1.0
565,28,0.09,294.5,499.54,136.29000000000002,1,1,1.0
565,30,576.37,377.06,218.74,71.88,1,1,1.0
565,40,723.0,348.48,163.01999999999998,101.09999999999997,1,1,1.0
565,39,727.01,296.58,197.61,104.46000000000004,1,1,1.0
565,38,352.96,534.29,338.56,77.19000000000005,1,1,1.0
565,41,307.71,584.7,656.69,134.05999999999995,1,1,1.0
565,42,780.39,573.46,82.87,32.95999999999992,1,1,1.0
565,45,936.77,171.4,247.11000000000013,148.28,1,1,1.0
565,47,1131.13,520.5,48.73999999999978,121.63,1,1,1.0
565,48,1086.74,51.7,192.16000000000008,92.63000000000001,1,1,1.0
565,50,1153.88,355.7,125.32999999999993,63.52000000000004,1,1,1.0
565,49,1229.36,445.52,51.00999999999999,107.34000000000003,1,1,1.0
565,44,930.4,528.51,156.94999999999993,117.19000000000005,1,1,1.0
565,43,884.36,557.4,203.56000000000006,150.55000000000007,1,1,1.0
566,51,1223.01,152.54,56.99000000000001,55.629999999999995,1,1,1.0
566,22,0.0,75.45,359.38,128.48000000000002,1,1,1.0
566,31,441.56,93.75,361.68,98.33000000000001,1,1,1.0
566,28,0.33,289.06,485.91,139.06,1,1,1.0
566,30,577.12,368.79,220.10000000000002,71.90999999999997,1,1,1.0
566,40,726.9,342.41,165.68000000000006,98.71999999999997,1,1,1.0
566,39,733.97,288.75,196.76,105.30000000000001,1,1,1.0
566,38,354.68,524.64,343.39000000000004,86.0,1,1,1.0
566,41,443.71,584.0,592.69,134.13,1,1,1.0
566,45,935.37,154.4,249.82000000000005,152.93999999999997,1,1,1.0
566,47,1142.91,534.94,42.679999999999836,109.21999999999991,1,1,1.0
566,48,1091.01,38.3,188.99,101.07000000000001,1,1,1.0
566,50,1146.06,341.36,133.48000000000002,73.49000000000001,1,1,1.0
566,44,963.7,516.39,141.83999999999992,99.00999999999999,1,1,1.0
566,43,886.03,547.5,211.26999999999998,166.0,1,1,1.0
567,51,1227.61,153.35,52.52000000000021,62.31999999999999,1,1,1.0
567,22,0.76,66.15,361.81,128.68,1,1,1.0
567,31,474.59,87.94,356.2300000000001,96.02000000000001,1,1,1.0
567,28,0.5,279.06,473.92,150.3,1,1,1.0
567,30,583.22,362.92,220.56999999999994,71.58999999999997,1,1,1.0
567,40,734.95,334.3,172.03999999999996,108.72999999999996,1,1,1.0
567,39,739.31,282.52,200.8900000000001,102.67000000000002,1,1,1.0
567,38,363.89,517.63,339.81000000000006,94.45000000000005,1,1,1.0
567,41,532.2,578.9,596.24,137.97000000000003,1,1,1.0
567,52,0.12,457.03,134.37,78.69000000000005,1,1,1.0
567,45,945.1,132.6,269.07000000000005,158.06000000000003,1,1,1.0
567,47,1149.23,533.1,55.13999999999987,117.51999999999998,1,1,1.0
567,48,1093.92,23.74,186.07999999999993,103.36,1,1,1.0
567,50,1142.34,338.79,136.74,77.32999999999998,1,1,1.0
567,44,967.79,508.07,183.36000000000013,88.72999999999996,1,1,1.0
567,53,0.0,0.0,117.71,69.02,1,1,1.0
567,43,894.01,536.36,96.93000000000006,52.39999999999998,1,1,1.0
568,51,1230.9,146.31,49.069999999999936,59.53999999999999,1,1,1.0
568,22,29.6,59.0,333.04999999999995,128.82,1,1,1.0
568,31,511.61,79.83,348.38,99.77,1,1,1.0
568,28,1.06,269.9,462.42,179.5,1,1,1.0
568,30,580.24,356.89,222.95000000000005,69.44,1,1,1.0
568,40,730.94,324.84,175.91999999999996,105.46000000000004,1,1,1.0
568,39,738.03,272.58,199.43000000000006,99.92000000000002,1,1,1.0
568,38,367.63,511.05,334.97,98.19999999999999,1,1,1.0
568,41,642.7,573.7,597.0,142.41999999999996,1,1,1.0
568,52,0.91,423.0,252.69,125.09000000000003,1,1,1.0
568,42,808.65,547.4,91.85000000000002,44.0,1,1,1.0
568,45,938.96,124.26,292.47,163.28000000000003,1,1,1.0
568,48,1105.58,14.92,174.42000000000007,96.67999999999999,1,1,1.0
568,50,1128.43,333.92,150.80999999999995,78.33999999999997,1,1,1.0
568,44,1003.48,496.27,188.16000000000008,81.56000000000006,1,1,1.0
568,53,0.78,0.96,160.87,72.26,1,1,1.0
568,43,895.32,527.85,95.57999999999993,45.85000000000002,1,1,1.0
569,22,103.3,83.0,269.05,97.83000000000001,1,1,1.0
569,31,571.73,71.71,353.68999999999994,99.77,1,1,1.0
569,28,2.1,263.38,468.26,159.7,1,1,1.0
569,30,592.18,349.82,226.73000000000002,73.92000000000002,1,1,1.0
569,40,745.12,317.21,178.03999999999996,107.02000000000004,1,1,1.0
569,39,755.65,266.18,204.62,103.08999999999997,1,1,1.0
569,38,383.08,504.5,322.65000000000003,110.21000000000004,1,1,1.0
569,41,680.6,583.4,599.4,136.60000000000002,1,1,1.0
569,52,0.35,398.37,323.90999999999997,173.20000000000005,1,1,1.0
569,46,601.82,570.31,101.07999999999993,66.73000000000002,1,1,1.0
569,42,814.66,542.46,111.24000000000001,56.43999999999994,1,1,1.0
569,45,945.22,108.03,325.3399999999999,189.42999999999998,1,1,1.0
569,48,1124.17,3.81,155.5999999999999,94.89,1,1,1.0
569,50,1134.31,326.68,145.01999999999998,84.75,1,1,1.0
569,44,1034.6,495.09,211.34000000000015,84.60000000000008,1,1,1.0
569,54,0.0,57.2,199.79,81.80999999999999,1,1,1.0
569,53,0.0,0.3,233.5,75.54,1,1,1.0
569,43,909.73,520.65,85.76999999999998,54.35000000000002,1,1,1.0
570,22,144.3,101.8,238.82,73.3,1,1,1.0
570,31,612.79,63.83,361.84000000000003,96.55,1,1,1.0
570,28,21.4,258.18,466.16,164.26,1,1,1.0
570,30,604.5,343.31,236.0,73.99000000000001,1,1,1.0
570,40,766.55,313.28,178.20000000000005,99.0,1,1,1.0
570,39,772.73,260.57,212.90999999999997,106.57999999999998,1,1,1.0
570,38,408.11,495.69,323.78,124.84999999999997,1,1,1.0
570,41,816.99,586.69,463.01,133.30999999999995,1,1,1.0
570,52,0.57,395.8,450.36,177.2,1,1,1.0
570,46,617.77,569.1,239.83000000000004,118.89999999999998,1,1,1.0
570,55,730.09,522.25,101.06999999999994,92.91999999999996,1,1,1.0
570,42,837.25,531.11,139.64,84.88999999999999,1,1,1.0
570,45,972.35,93.31,307.7599999999999,198.79000000000002,1,1,1.0
570,48,1134.52,0.76,145.01999999999998,82.03999999999999,1,1,1.0
570,50,1147.71,320.33,131.62999999999988,82.29000000000002,1,1,1.0
570,44,1056.56,487.52,223.05999999999995,105.37,1,1,1.0
570,56,0.0,157.51,230.74,122.60000000000002,1,1,1.0
570,54,0.0,34.26,280.5,118.84,1,1,1.0
570,53,1.14,0.0,265.1,56.11,1,1,1.0
570,43,933.31,517.37,107.99000000000001,54.33000000000004,1,1,1.0
571,22,216.5,104.1,175.42000000000002,68.31,1,1,1.0
571,31,656.08,57.16,365.61,99.62,1,1,1.0
571,28,50.38,278.9,440.31,133.86,1,1,1.0
571,30,612.62,339.35,236.76999999999998,79.72999999999996,1,1,1.0
571,40,776.21,306.47,182.70999999999992,96.72999999999996,1,1,1.0
571,39,781.46,253.78,219.03999999999996,107.97999999999999,1,1,1.0
571,38,422.65,497.43,309.05000000000007,133.86999999999995,1,1,1.0
571,41,913.52,590.72,366.48,129.27999999999997,1,1,1.0
571,52,0.0,406.27,560.8,160.93000000000006,1,1,1.0
571,46,616.32,563.81,303.88,119.09000000000003,1,1,1.0
571,55,729.65,512.67,145.89,121.45000000000005,1,1,1.0
571,42,845.56,525.75,133.45000000000005,81.28999999999996,1,1,1.0
571,45,993.16,78.22,287.9,207.52,1,1,1.0
571,48,1151.26,0.2,128.74,67.89999999999999,1,1,1.0
571,50,1158.58,313.19,121.02999999999997,87.42000000000002,1,1,1.0
571,44,1067.64,479.48,212.07999999999993,109.88999999999999,1,1,1.0
571,56,0.0,142.46,329.7,156.73999999999998,1,1,1.0
571,54,0.0,1.15,399.79,142.95,1,1,1.0
571,43,946.38,512.95,146.12,86.04999999999995,1,1,1.0
572,31,706.4,41.27,348.41999999999996,124.54999999999998,1,1,1.0
572,28,27.2,294.67,447.66,119.38,1,1,1.0
572,30,608.2,335.26,237.8599999999999,84.60000000000002,1,1,1.0
572,40,776.74,299.17,180.76,99.13999999999999,1,1,1.0
572,39,778.0,247.64,214.72000000000003,107.68,1,1,1.0
572,38,420.88,515.1,294.02,125.92999999999995,1,1,1.0
572,41,974.65,585.15,305.35,133.18000000000006,1,1,1.0
572,52,0.0,413.2,624.7,154.50000000000006,1,1,1.0
572,46,602.46,556.58,351.3399999999999,128.62,1,1,1.0
572,55,727.2,503.71,131.19999999999993,114.08999999999997,1,1,1.0
572,42,840.56,517.43,181.8900000000001,121.46000000000004,1,1,1.0
572,45,1027.94,62.83,248.53999999999996,193.61,1,1,1.0
572,48,1161.47,0.0,118.43000000000006,53.15,1,1,1.0
572,50,1164.89,298.01,114.92999999999984,94.66000000000003,1,1,1.0
572,44,1063.42,470.42,216.21000000000004,103.36999999999995,1,1,1.0
572,56,1.7,118.08,448.0,186.82,1,1,1.0
572,54,2.36,0.81,494.89,139.39,1,1,1.0
572,43,947.58,505.65,139.88,83.54000000000008,1,1,1.0
573,31,745.59,38.15,373.82000000000005,101.53,1,1,1.0
573,28,27.79,301.9,435.51,116.83000000000004,1,1,1.0
573,30,611.86,331.04,241.62,89.25,1,1,1.0
573,40,783.27,296.79,186.55000000000007,99.62,1,1,1.0
573,39,781.27,240.2,216.89,104.68,1,1,1.0
573,38,418.59,562.67,127.25000000000006,84.85000000000002,1,1,1.0
573,41,1051.22,567.95,228.77999999999997,111.04999999999995,1,1,1.0
573,52,0.0,417.8,693.5,146.40000000000003,1,1,1.0
573,46,590.76,552.64,351.53999999999996,135.96000000000004,1,1,1.0
573,55,732.91,497.19,131.20000000000005,114.08999999999997,1,1,1.0
573,42,839.41,508.29,179.36,145.47999999999996,1,1,1.0
573,45,1039.34,95.43,215.27999999999997,143.26999999999998,1,1,1.0
573,48,1155.5,0.0,124.73000000000002,44.88,1,1,1.0
573,50,1199.04,288.71,80.94000000000005,92.11000000000001,1,1,1.0
573,44,1069.42,465.56,210.51,89.57999999999998,1,1,1.0
573,57,864.6,601.25,223.34000000000003,109.37,1,1,1.0
573,56,0.64,121.77,553.13,183.20000000000005,1,1,1.0
573,54,1.97,0.55,581.79,131.75,1,1,1.0
573,43,947.63,497.96,158.58000000000004,116.23000000000008,1,1,1.0
574,31,756.56,30.07,373.5,98.83000000000001,1,1,1.0
574,28,22.08,287.0,410.65000000000003,140.93,1,1,1.0
574,30,608.47,327.78,247.81999999999994,97.19000000000005,1,1,1.0
574,40,780.57,292.84,198.88,98.61000000000001,1,1,1.0
574,39,776.04,234.25,221.98000000000002,99.17000000000002,1,1,1.0
574,38,422.51,558.49,121.24000000000001,96.00999999999999,1,1,1.0
574,41,1115.15,568.33,164.8499999999999,101.46999999999991,1,1,1.0
574,52,29.35,419.1,739.05,171.69999999999993,1,1,1.0
574,46,597.56,558.45,347.5400000000001,131.8499999999999,1,1,1.0
574,55,736.98,490.67,149.12,131.22999999999996,1,1,1.0
574,42,846.1,505.9,200.64999999999998,142.19000000000005,1,1,1.0
574,45,1024.62,97.71,210.08000000000015,133.89,1,1,1.0
574,48,1155.43,0.0,124.50999999999999,38.31,1,1,1.0
574,50,1201.6,284.49,78.42000000000007,88.74000000000001,1,1,1.0
574,44,1058.53,466.64,221.35000000000014,79.85000000000002,1,1,1.0
574,57,872.88,602.03,213.12,106.17000000000007,1,1,1.0
574,56,0.0,119.3,643.4,172.89,1,1,1.0
574,54,2.74,0.36,659.36,116.54,1,1,1.0
574,43,950.91,496.65,158.58000000000004,116.23000000000002,1,1,1.0
575,31,790.75,20.91,399.25,104.26,1,1,1.0
575,28,5.44,244.84,403.25,189.08,1,1,1.0
575,30,605.69,325.79,259.3699999999999,102.0,1,1,1.0
575,40,788.38,290.33,197.09000000000003,102.62,1,1,1.0
575,39,778.6,229.29,228.42999999999995,102.16999999999999,1,1,1.0
575,38,425.23,590.4,106.16999999999996,72.45000000000005,1,1,1.0
575,52,189.62,420.28,677.68,189.32000000000005,1,1,1.0
575,46,612.87,565.75,332.16999999999996,124.15999999999997,1,1,1.0
575,42,855.95,508.35,197.14999999999986,135.14999999999998,1,1,1.0
575,45,1041.41,111.06,170.99,114.84,1,1,1.0
575,50,1226.89,283.45,53.36999999999989,81.81,1,1,1.0
575,44,1077.71,472.13,202.70000000000005,73.12,1,1,1.0
575,57,876.28,593.8,221.26,107.43000000000006,1,1,1.0
575,56,1.94,115.74,754.29,156.43,1,1,1.0
575,54,9.93,0.64,743.7700000000001,104.44,1,1,1.0
575,43,961.6,499.45,183.7499999999999,126.40000000000003,1,1,1.0
576,22,3.62,42.53,384.19,81.49,1,1,1.0
576,31,855.22,19.63,422.78999999999996,92.23,1,1,1.0
576,28,2.65,214.02,409.68,213.54,1,1,1.0
576,30,634.23,321.89,263.21000000000004,105.00999999999999,1,1,1.0
576,40,814.33,285.5,202.51999999999998,99.07999999999998,1,1,1.0
576,39,828.9,227.82,210.81000000000006,98.25999999999999,1,1,1.0
576,38,447.37,514.7,142.90999999999997,146.89999999999998,1,1,1.0
576,52,376.27,433.82,620.03,182.88000000000005,1,1,1.0
576,46,621.5,569.6,357.89,123.61000000000001,1,1,1.0
576,42,877.65,504.44,221.93999999999994,138.01000000000005,1,1,1.0
576,45,1081.4,104.0,131.41999999999985,110.41999999999999,1,1,1.0
576,44,1132.43,479.92,147.64999999999986,66.48999999999995,1,1,1.0
576,57,893.31,595.07,221.26,107.42999999999995,1,1,1.0
576,56,182.9,106.11,708.62,155.64999999999998,1,1,1.0
576,54,172.62,0.0,700.33,86.29,1,1,1.0
576,58,0.0,571.89,138.66,74.83000000000004,1,1,1.0
576,43,996.52,501.69,181.19000000000005,142.05,1,1,1.0
577,59,607.17,683.93,193.64,35.66000000000008,1,1,1.0
577,22,37.3,39.16,384.19,81.49000000000001,1,1,1.0
577,31,916.31,13.88,361.9200000000001,97.89,1,1,1.0
577,28,2.55,199.49,424.15999999999997,202.26,1,1,1.0
577,30,663.08,315.5,269.0,109.01999999999998,1,1,1.0
577,40,847.34,283.27,195.90999999999997,99.0,1,1,1.0
577,39,876.4,233.6,203.61,92.57000000000002,1,1,1.0
577,38,480.11,495.67,148.0,169.18,1,1,1.0
577,52,468.57,387.91,625.9300000000001,238.29000000000002,1,1,1.0
577,46,638.4,512.8,359.03,186.76,1,1,1.0
577,45,1125.41,101.6,95.56999999999994,94.07,1,1,1.0
577,56,384.6,94.39,711.32,157.32,1,1,1.0
577,54,326.0,0.29,650.14,76.50999999999999,1,1,1.0
577,58,0.0,467.3,237.8,161.77000000000004,1,1,1.0
577,43,1036.33,493.57,206.98000000000002,190.57999999999998,1,1,1.0
578,59,625.69,679.0,227.52999999999997,40.41999999999996,1,1,1.0
578,22,71.92,10.96,391.46999999999997,99.03999999999999,1,1,1.0
578,31,973.67,0.58,305.31000000000006,100.65,1,1,1.0
578,28,4.36,181.01,423.43,204.88,1,1,1.0
578,30,675.38,310.05,283.1,103.33999999999997,1,1,1.0
578,40,862.26,280.26,205.66000000000008,75.25,1,1,1.0
578,39,878.3,235.7,221.5,74.19999999999999,1,1,1.0
578,38,506.61,490.94,159.08000000000004,180.40000000000003,1,1,1.0
578,52,615.91,428.99,656.6899999999999,252.97000000000003,1,1,1.0
578,56,476.0,83.66,694.1099999999999,159.53,1,1,1.0
578,54,426.8,0.0,657.4200000000001,68.4,1,1,1.0
578,58,0.54,471.83,336.56,149.62000000000006,1,1,1.0
578,43,1076.65,488.46,203.3499999999999,159.53000000000003,1,1,1.0
579,59,657.02,673.66,235.71000000000004,45.74000000000001,1,1,1.0
579,22,114.02,13.56,378.14000000000004,96.45,1,1,1.0
579,31,1050.57,2.56,229.87000000000012,90.42,1,1,1.0
579,28,28.05,164.6,421.63,210.38000000000002,1,1,1.0
579,30,699.18,300.76,272.0300000000001,102.72000000000003,1,1,1.0
579,40,895.82,270.87,206.2199999999999,82.80000000000001,1,1,1.0
579,39,911.62,225.05,217.31000000000006,81.07999999999998,1,1,1.0
579,38,530.03,489.76,146.05000000000007,187.60000000000002,1,1,1.0
579,52,681.1,432.0,596.82,273.49,1,1,1.0
579,56,638.0,71.51,638.1199999999999,168.29000000000002,1,1,1.0
579,54,790.0,0.0,333.55999999999995,41.0,1,1,1.0
579,53,436.48,0.0,343.8299999999999,44.08,1,1,1.0
579,58,1.05,437.9,378.95,167.70000000000005,1,1,1.0
580,59,719.69,674.43,220.14999999999998,45.17000000000007,1,1,1.0
580,22,162.38,14.55,365.84000000000003,93.46000000000001,1,1,1.0
580,28,73.76,155.04,422.52,155.85999999999999,1,1,1.0
580,30,744.57,294.2,278.53999999999996,106.19,1,1,1.0
580,40,951.72,267.09,223.98000000000002,90.11000000000001,1,1,1.0
580,39,948.2,208.26,262.0899999999999,94.72000000000003,1,1,1.0
580,38,583.79,477.51,196.44000000000005,217.99,1,1,1.0
580,52,826.93,476.5,453.07000000000005,231.29999999999995,1,1,1.0
580,46,700.9,484.02,293.9,152.68000000000006,1,1,1.0
580,56,808.42,52.13,469.9,176.59,1,1,1.0
580,54,908.05,0.0,303.02,25.89,1,1,1.0
580,53,493.2,0.0,311.12000000000006,32.07,1,1,1.0
580,58,0.0,423.89,492.03,176.12,1,1,1.0
580,43,1145.75,481.49,134.51,78.43999999999994,1,1,1.0
581,59,791.22,681.42,186.98000000000002,38.5,1,1,1.0
581,22,206.24,14.75,349.26,98.9,1,1,1.0
581,28,95.69,151.86,429.01000000000005,164.53999999999996,1,1,1.0
581,30,771.83,293.25,299.58000000000004,106.97000000000003,1,1,1.0
581,40,986.46,271.72,253.63999999999987,67.67999999999995,1,1,1.0
581,39,949.69,188.51,311.90999999999985,106.99000000000001,1,1,1.0
581,38,637.73,479.14,202.53999999999996,220.5,1,1,1.0
581,52,1002.1,521.83,277.9,198.16999999999996,1,1,1.0
581,46,731.95,481.38,356.3499999999999,169.72000000000003,1,1,1.0
581,55,964.29,464.5,106.21000000000004,72.29999999999995,1,1,1.0
581,56,943.0,73.68,334.51,142.9,1,1,1.0
581,53,457.2,0.0,432.24000000000007,29.89,1,1,1.0
581,58,0.47,427.16,582.5799999999999,186.31,1,1,1.0
581,43,1191.9,486.3,87.68999999999983,68.54000000000002,1,1,1.0
582,22,258.4,22.72,340.95000000000005,99.04,1,1,1.0
582,28,143.51,149.6,415.51,192.50000000000003,1,1,1.0
582,30,796.63,290.52,321.2399999999999,113.98000000000002,1,1,1.0
582,40,1046.77,269.2,216.0999999999999,71.48000000000002,1,1,1.0
582,39,1012.93,188.7,266.6,98.06,1,1,1.0
582,38,650.04,482.19,300.45000000000005,236.96999999999997,1,1,1.0
582,52,1130.94,581.16,149.05999999999995,125.84000000000003,1,1,1.0
582,46,766.5,477.21,351.0999999999999,177.69,1,1,1.0
582,55,989.03,467.82,220.06999999999994,113.28000000000003,1,1,1.0
582,56,1091.98,56.0,188.01999999999998,142.9,1,1,1.0
582,53,571.5,0.26,432.78,44.24,1,1,1.0
582,58,1.33,442.8,653.67,213.2,1,1,1.0
583,60,0.0,335.13,107.53,59.110000000000014,1,1,1.0
583,22,301.06,32.26,333.27000000000004,100.21000000000001,1,1,1.0
583,28,181.42,151.54,421.6,200.93000000000004,1,1,1.0
583,30,838.51,291.45,319.46000000000004,123.5,1,1,1.0
583,40,1124.94,272.29,155.13999999999987,87.07999999999998,1,1,1.0
583,39,1065.28,187.29,214.92000000000007,98.31000000000003,1,1,1.0
583,38,680.2,473.4,305.43999999999994,245.88,1,1,1.0
583,46,796.14,470.03,453.2600000000001,227.87,1,1,1.0
583,55,1044.8,475.82,234.6500000000001,189.96999999999997,1,1,1.0
583,53,637.11,0.0,405.2800000000001,35.15,1,1,1.0
583,58,62.08,454.3,666.62,242.99999999999994,1,1,1.0
584,60,0.0,343.24,133.56,58.789999999999964,1,1,1.0
584,22,314.36,36.14,332.39,104.83,1,1,1.0
584,28,191.69,152.99,422.96,198.81,1,1,1.0
584,30,854.2,298.17,346.6199999999999,129.68,1,1,1.0
584,40,1174.07,278.05,105.34000000000015,93.15999999999997,1,1,1.0
584,39,1088.94,187.66,191.22000000000003,101.13000000000002,1,1,1.0
584,38,692.29,471.95,325.02,247.29000000000002,1,1,1.0
584,46,839.41,448.27,427.7900000000001,256.73,1,1,1.0
584,55,1091.19,487.3,188.22000000000003,171.95999999999998,1,1,1.0
584,53,694.7,0.0,403.90999999999985,42.0,1,1,1.0
584,58,222.61,462.8,614.6899999999999,255.8,1,1,1.0
585,60,0.53,345.87,134.60999999999999,63.76999999999998,1,1,1.0
585,22,332.12,41.58,329.58000000000004,107.35000000000001,1,1,1.0
585,28,200.46,152.25,420.24,192.18,1,1,1.0
585,30,867.51,301.14,333.6099999999999,137.17000000000002,1,1,1.0
585,40,1190.02,284.69,89.98000000000002,102.57,1,1,1.0
585,39,1118.21,186.98,161.57999999999993,95.51000000000002,1,1,1.0
585,38,667.54,484.59,364.6200000000001,234.14000000000004,1,1,1.0
585,46,888.61,439.2,316.39,280.8,1,1,1.0
585,55,1098.18,483.93,177.91999999999985,165.07999999999998,1,1,1.0
585,42,1241.17,567.95,38.82999999999993,44.44999999999993,1,1,1.0
585,53,751.47,0.09,416.23,39.19,1,1,1.0
585,58,273.05,456.81,597.52,262.31,1,1,1.0
586,60,0.0,345.71,120.31,65.43,1,1,1.0
586,22,319.0,42.71,339.96000000000004,112.82,1,1,1.0
586,28,168.16,147.59,430.47,192.48999999999998,1,1,1.0
586,30,848.62,299.75,351.64,149.94,1,1,1.0
586,40,1180.33,278.46,99.24000000000001,106.41000000000003,1,1,1.0
586,39,1105.76,181.64,174.24,96.78000000000003,1,1,1.0
586,38,645.6,493.38,336.4,222.51,1,1,1.0
586,46,899.34,419.33,192.15999999999997,300.67,1,1,1.0
586,55,1084.85,476.33,195.1500000000001,210.07,1,1,1.0
586,42,1227.42,562.71,52.57999999999993,50.889999999999986,1,1,1.0
586,53,790.75,0.0,376.95000000000005,33.82,1,1,1.0
586,58,372.8,433.2,489.3,286.66,1,1,1.0
587,60,0.0,350.78,86.83,65.43,1,1,1.0
587,22,278.75,39.86,341.80999999999995,113.33999999999999,1,1,1.0
587,28,105.09,131.29,455.7099999999999,197.67,1,1,1.0
587,30,820.72,294.12,346.8499999999999,158.7,1,1,1.0
587,40,1155.3,271.33,124.56999999999994,109.03000000000003,1,1,1.0
587,39,1078.63,170.62,200.9799999999998,99.96999999999997,1,1,1.0
587,38,648.91,512.2,400.68999999999994,204.89999999999998,1,1,1.0
587,46,884.28,394.99,139.72000000000003,323.88,1,1,1.0
587,55,1065.26,463.23,214.74,215.47000000000003,1,1,1.0
587,42,1213.67,564.02,66.32999999999993,52.27999999999997,1,1,1.0
587,57,1131.52,654.85,119.84999999999991,65.14999999999998,1,1,1.0
587,53,795.12,0.0,59.43999999999994,29.46,1,1,1.0
587,58,379.37,430.88,414.27,287.16999999999996,1,1,1.0
588,60,0.0,354.84,37.12,65.43,1,1,1.0
588,22,242.93,45.63,346.43,107.11000000000001,1,1,1.0
588,28,54.67,130.49,468.21,189.73000000000002,1,1,1.0
588,30,777.52,289.48,361.4000000000001,154.51,1,1,1.0
588,40,1130.2,263.46,149.1099999999999,120.70000000000005,1,1,1.0
588,39,1041.9,160.13,238.26999999999998,103.12,1,1,1.0
588,38,654.68,530.11,391.82000000000005,189.89,1,1,1.0
588,46,854.4,373.94,140.80000000000007,339.35999999999996,1,1,1.0
588,55,1040.83,452.11,239.17000000000007,229.89,1,1,1.0
588,42,1173.8,534.58,106.20000000000005,81.21999999999991,1,1,1.0
588,57,1112.12,645.4,118.75,72.11000000000001,1,1,1.0
588,58,393.6,479.78,488.4,240.22000000000003,1,1,1.0
589,22,211.92,47.76,329.37,107.88,1,1,1.0
589,28,0.98,132.51,463.84999999999997,177.32999999999998,1,1,1.0
589,30,750.59,284.66,344.94999999999993,139.89,1,1,1.0
589,40,1106.24,261.36,173.3499999999999,106.46999999999997,1,1,1.0
589,39,1018.41,154.62,261.44999999999993,97.74000000000001,1,1,1.0
589,38,668.88,571.44,370.7500000000001,148.07999999999993,1,1,1.0
589,46,839.1,380.39,155.45999999999992,295.78,1,1,1.0
589,55,1014.2,437.72,265.79999999999995,282.28,1,1,1.0
589,42,1161.7,518.0,118.29999999999995,117.99000000000001,1,1,1.0
589,57,1087.05,642.8,125.91000000000008,72.68000000000006,1,1,1.0
589,58,405.97,557.15,350.03,162.42000000000007,1,1,1.0
590,22,189.35,46.76,303.21000000000004,117.14000000000001,1,1,1.0
590,28,0.54,137.55,406.31,174.64,1,1,1.0
590,30,712.2,284.13,348.3499999999999,91.26999999999998,1,1,1.0
590,40,1059.62,257.28,219.62000000000012,113.81,1,1,1.0
590,39,966.96,144.63,312.8499999999999,121.70999999999998,1,1,1.0
590,38,670.97,597.79,345.52,121.54000000000008,1,1,1.0
590,46,829.2,370.12,194.19999999999993,348.58000000000004,1,1,1.0
590,55,1001.25,428.29,279.25,283.07,1,1,1.0
590,42,1145.2,514.5,134.79999999999995,133.24,1,1,1.0
590,57,1060.6,635.28,157.30000000000018,73.68000000000006,1,1,1.0
590,58,412.62,640.27,337.17999999999995,79.73000000000002,1,1,1.0
591,22,156.82,72.62,277.89,103.75999999999999,1,1,1.0
591,28,0.0,146.33,327.02,164.74999999999997,1,1,1.0
591,30,660.38,283.92,353.08000000000004,84.07,1,1,1.0
591,40,1012.0,248.1,267.6500000000001,127.57000000000002,1,1,1.0
591,39,920.0,134.7,356.95000000000005,125.57999999999998,1,1,1.0
591,38,684.0,637.53,300.40999999999997,82.10000000000002,1,1,1.0
591,46,807.0,366.08,219.5999999999999,342.27000000000004,1,1,1.0
591,55,987.23,424.79,184.26999999999998,215.60999999999996,1,1,1.0
591,42,1116.3,505.9,163.70000000000005,150.77999999999997,1,1,1.0
591,57,1032.65,630.7,153.99,65.2299999999999,1,1,1.0
591,58,482.61,635.03,145.51,84.67000000000007,1,1,1.0
592,22,115.0,75.04,266.51,121.99999999999999,1,1,1.0
592,28,0.19,172.54,259.26,172.00000000000003,1,1,1.0
592,30,636.64,284.84,335.11,80.46000000000004,1,1,1.0
592,40,988.29,252.37,291.98,127.29000000000002,1,1,1.0
592,39,889.94,132.16,348.40999999999985,115.32,1,1,1.0
592,38,725.13,655.66,212.65999999999997,63.879999999999995,1,1,1.0
592,46,781.27,360.31,280.8600000000001,306.54,1,1,1.0
592,55,970.8,412.8,192.10000000000014,218.99999999999994,1,1,1.0
592,42,1095.3,494.8,184.70000000000005,168.47999999999996,1,1,1.0
592,57,1035.95,626.25,147.40999999999985,58.440000000000055,1,1,1.0
592,58,564.1,654.04,77.60000000000002,65.96000000000004,1,1,1.0
593,22,77.83,86.62,248.17000000000002,111.59,1,1,1.0
593,28,0.0,216.46,171.6,140.04,1,1,1.0
593,30,593.13,288.35,334.24,84.07,1,1,1.0
593,40,1015.47,253.82,264.9100000000001,128.45,1,1,1.0
593,39,855.57,126.62,337.61,117.16,1,1,1.0
593,38,746.22,656.25,122.57999999999993,63.73000000000002,1,1,1.0
593,46,741.02,336.75,333.0999999999999,272.76,1,1,1.0
593,55,941.4,407.3,228.89999999999998,251.99999999999994,1,1,1.0
593,42,1090.6,493.1,189.3800000000001,170.70999999999992,1,1,1.0
593,57,1022.06,624.69,161.74,53.50999999999999,1,1,1.0
594,22,54.5,85.61,254.97000000000003,113.29,1,1,1.0
594,28,0.27,226.02,126.93,98.17999999999998,1,1,1.0
594,30,564.32,286.74,325.56999999999994,85.68,1,1,1.0
594,40,1005.69,249.87,273.8599999999999,142.39,1,1,1.0
594,39,838.49,121.12,333.74,116.00999999999999,1,1,1.0
594,38,754.18,665.8,74.82000000000005,54.200000000000045,1,1,1.0
594,46,699.23,332.92,381.99,238.06,1,1,1.0
594,55,939.48,407.51,155.53999999999996,216.26,1,1,1.0
594,42,1066.2,476.4,213.79999999999995,193.60000000000002,1,1,1.0
594,57,991.77,621.9,143.73000000000002,60.14999999999998,1,1,1.0
594,43,1217.47,417.7,61.75999999999999,135.31,1,1,1.0
595,22,2.05,89.13,258.45,135.17000000000002,1,1,1.0
595,30,525.94,286.28,342.2299999999999,86.51000000000005,1,1,1.0
595,40,995.15,261.02,284.86,159.11,1,1,1.0
595,39,804.13,114.12,322.2900000000001,115.9,1,1,1.0
595,46,668.92,312.18,423.5000000000001,252.97999999999996,1,1,1.0
595,55,939.48,407.51,155.53999999999996,216.26,1,1,1.0
595,42,1035.7,478.7,244.29999999999995,209.20999999999998,1,1,1.0
595,57,990.84,615.5,114.06000000000006,74.63,1,1,1.0
595,43,1206.84,399.6,72.70000000000005,158.91999999999996,1,1,1.0
596,22,0.41,95.51,211.32,125.51,1,1,1.0
596,30,491.79,286.98,358.58,89.44,1,1,1.0
596,40,976.55,264.41,303.51,160.09999999999997,1,1,1.0
596,39,779.0,111.41,325.20000000000005,117.32,1,1,1.0
596,46,642.7,306.2,458.0,233.27000000000004,1,1,1.0
596,55,912.36,421.37,252.64,238.63,1,1,1.0
596,42,1008.7,474.6,271.29999999999995,226.57999999999993,1,1,1.0
596,57,977.38,621.0,103.41999999999996,95.86000000000001,1,1,1.0
596,43,1186.73,425.55,93.26999999999998,136.17000000000002,1,1,1.0
597,22,0.27,94.49,172.54999999999998,133.61,1,1,1.0
597,30,459.16,287.11,357.33,96.61000000000001,1,1,1.0
597,40,1072.92,299.15,207.38999999999987,142.02000000000004,1,1,1.0
597,39,755.92,105.66,315.92999999999995,127.9,1,1,1.0
597,46,641.06,293.21,466.46000000000004,218.67000000000002,1,1,1.0
597,55,898.45,416.08,238.04999999999995,258.12000000000006,1,1,1.0
597,42,991.6,460.51,287.9999999999999,248.57000000000005,1,1,1.0
597,57,966.15,628.11,92.95999999999992,90.94999999999993,1,1,1.0
597,43,1180.72,426.6,99.25,152.07999999999993,1,1,1.0
598,22,0.91,86.71,133.0,134.49,1,1,1.0
598,30,423.47,288.06,360.18999999999994,102.24000000000001,1,1,1.0
598,40,1107.86,318.09,171.98000000000002,135.21000000000004,1,1,1.0
598,39,735.42,97.4,322.38,139.64,1,1,1.0
598,46,654.69,288.77,491.0899999999999,194.95000000000005,1,1,1.0
598,55,881.79,415.08,270.19000000000005,295.28000000000003,1,1,1.0
598,42,1008.48,456.57,269.49,259.37000000000006,1,1,1.0
598,57,954.36,646.0,95.54000000000008,71.75,1,1,1.0
598,43,1167.69,443.96,111.56999999999994,148.99000000000007,1,1,1.0
599,22,0.0,81.62,75.0,73.88,1,1,1.0
599,30,395.5,287.61,358.22,99.51999999999998,1,1,1.0
599,40,1076.48,342.42,202.22000000000003,121.95999999999998,1,1,1.0
599,39,716.11,95.17,319.65,148.17000000000002,1,1,1.0
599,46,662.85,285.88,530.35,190.07,1,1,1.0
599,55,866.72,416.42,250.71000000000004,290.67,1,1,1.0
599,42,1034.6,476.6,245.4000000000001,240.45999999999992,1,1,1.0
599,57,927.41,652.97,89.28000000000009,66.64999999999998,1,1,1.0
599,43,1142.64,450.51,136.5,202.86,1,1,1.0
600,30,361.82,287.41,366.79,94.44999999999999,1,1,1.0
600,40,1118.05,356.95,161.73000000000002,132.11,1,1,1.0
600,39,694.71,98.28,326.78999999999996,151.10999999999999,1,1,1.0
600,46,686.82,283.35,551.0499999999998,208.48999999999995,1,1,1.0
600,55,856.2,415.7,200.13999999999987,301.71999999999997,1,1,1.0
600,42,999.54,582.64,279.1300000000001,135.87,1,1,1.0
600,43,1115.17,436.0,164.74,204.44000000000005,1,1,1.0
601,30,335.46,285.97,369.2,94.82999999999998,1,1,1.0
601,40,1163.87,402.73,115.51000000000022,106.18,1,1,1.0
601,39,682.66,97.97,324.97,159.17,1,1,1.0
601,46,731.66,278.86,543.35,208.46999999999997,1,1,1.0
601,55,841.05,409.91,167.1500000000001,305.29,1,1,1.0
601,42,981.24,581.44,298.03999999999996,136.64999999999998,1,1,1.0
601,43,1092.09,439.9,187.51,212.89,1,1,1.0
602,30,296.56,285.52,387.09999999999997,92.92000000000002,1,1,1.0
602,40,1213.36,424.72,66.82000000000016,108.51999999999998,1,1,1.0
602,39,667.79,96.08,320.77,167.36,1,1,1.0
602,46,768.29,282.83,510.1100000000001,170.31,1,1,1.0
602,55,823.53,407.74,145.39,309.49,1,1,1.0
602,42,969.8,607.06,305.79999999999995,112.94000000000005,1,1,1.0
602,57,915.61,634.2,146.68999999999994,84.77999999999997,1,1,1.0
602,43,1080.13,460.09,196.9699999999998,218.03000000000003,1,1,1.0
603,30,266.01,283.24,396.07000000000005,98.40999999999997,1,1,1.0
603,39,656.08,95.56,323.52,172.70999999999998,1,1,1.0
603,46,773.44,290.59,504.55999999999995,145.46000000000004,1,1,1.0
603,55,806.52,401.15,149.18000000000006,313.88,1,1,1.0
603,42,955.09,645.51,324.31000000000006,74.49000000000001,1,1,1.0
603,57,902.22,639.47,145.31999999999994,79.65999999999997,1,1,1.0
603,43,1047.92,476.88,232.26999999999998,220.46000000000004,1,1,1.0
604,30,240.79,282.38,399.1,91.26999999999998,1,1,1.0
604,39,641.45,93.63,318.81999999999994,177.79000000000002,1,1,1.0
604,46,795.1,303.64,482.36,149.02000000000004,1,1,1.0
604,55,808.0,395.0,126.65999999999997,309.35,1,1,1.0
604,57,888.84,644.74,143.93999999999994,74.54999999999995,1,1,1.0
604,43,1032.39,498.23,248.37999999999988,219.86,1,1,1.0
605,30,212.1,279.91,411.8299999999999,88.54999999999995,1,1,1.0
605,39,635.3,95.24,318.51,176.23000000000002,1,1,1.0
605,46,823.28,321.56,455.9000000000001,142.7,1,1,1.0
605,55,785.6,388.4,158.70999999999992,294.77,1,1,1.0
605,57,875.45,650.01,142.56999999999994,69.43000000000006,1,1,1.0
605,43,1014.31,519.65,266.54999999999995,198.36,1,1,1.0
606,30,185.95,277.77,424.99000000000007,86.54000000000002,1,1,1.0
606,39,628.39,93.67,323.83000000000004,179.47999999999996,1,1,1.0
606,46,866.72,338.3,412.3299999999999,151.8,1,1,1.0
606,55,796.25,393.79,155.48000000000002,326.87999999999994,1,1,1.0
606,57,875.45,650.01,142.56999999999994,69.43000000000006,1,1,1.0
606,43,1021.3,534.91,259.03999999999996,184.07000000000005,1,1,1.0
606,61,0.0,28.42,69.06,71.62,1,1,1.0
607,30,163.03,275.71,429.37,86.99000000000001,1,1,1.0
607,39,618.05,92.6,320.49,177.85,1,1,1.0
607,46,909.96,346.94,369.30999999999995,156.93,1,1,1.0
607,55,788.9,390.35,182.22000000000003,328.84000000000003,1,1,1.0
607,43,1026.0,558.51,254.8599999999999,161.39999999999998,1,1,1.0
607,61,0.33,9.21,98.62,84.38999999999999,1,1,1.0
607,62,0.0,149.98,98.85,90.69,1,1,1.0
608,30,137.77,272.48,437.84000000000003,95.57999999999998,1,1,1.0
608,39,606.18,91.1,325.47,176.46,1,1,1.0
608,46,966.52,369.68,312.6400000000001,142.57999999999998,1,1,1.0
608,55,799.16,382.72,157.71000000000004,333.42999999999995,1,1,1.0
608,43,1041.45,589.12,238.55999999999995,130.38,1,1,1.0
608,61,0.61,0.71,129.92999999999998,93.42,1,1,1.0
608,62,0.06,130.71,173.35,125.35999999999999,1,1,1.0
609,30,113.05,271.36,446.73999999999995,96.69,1,1,1.0
609,39,599.33,91.67,329.40999999999997,172.35999999999996,1,1,1.0
609,46,1021.05,392.76,258.45000000000005,112.37,1,1,1.0
609,55,794.5,389.21,175.22000000000003,328.51000000000005,1,1,1.0
609,43,1055.42,603.09,223.62999999999988,116.01999999999998,1,1,1.0
609,61,0.26,0.33,166.78,89.42,1,1,1.0
609,62,0.39,96.55,222.73000000000002,171.96999999999997,1,1,1.0
610,30,90.13,268.88,452.16999999999996,97.70999999999998,1,1,1.0
610,39,594.94,89.47,328.76,171.35,1,1,1.0
610,46,1085.37,411.52,194.32000000000016,100.16000000000003,1,1,1.0
610,55,789.02,389.43,167.93000000000006,322.54,1,1,1.0
610,43,1110.63,633.8,168.57999999999993,86.0,1,1,1.0
610,61,0.32,0.91,203.81,93.46000000000001,1,1,1.0
610,62,0.35,90.1,294.90999999999997,177.54999999999998,1,1,1.0
611,30,70.08,264.52,460.15000000000003,99.07,1,1,1.0
611,39,584.88,86.06,330.94000000000005,166.66,1,1,1.0
611,46,1122.7,417.82,157.3699999999999,100.59999999999997,1,1,1.0
611,55,790.05,388.57,135.84000000000003,299.47999999999996,1,1,1.0
611,43,1135.41,639.25,144.4599999999998,80.63999999999999,1,1,1.0
611,61,0.39,0.68,227.96,68.75,1,1,1.0
611,62,1.39,61.9,386.19,201.35999999999999,1,1,1.0
612,30,50.12,261.98,463.37,101.06,1,1,1.0
612,39,573.51,86.44,337.66999999999996,161.51,1,1,1.0
612,46,1171.76,420.76,107.98000000000002,91.74000000000001,1,1,1.0
612,55,790.61,386.11,145.14,301.4,1,1,1.0
612,43,1164.34,648.7,114.34000000000015,71.08999999999992,1,1,1.0
612,61,0.39,0.68,251.81,65.22,1,1,1.0
612,62,1.69,50.2,472.61,212.27000000000004,1,1,1.0
613,30,27.22,248.43,472.13,117.45999999999998,1,1,1.0
613,39,568.25,86.03,339.53999999999996,155.43,1,1,1.0
613,46,1211.12,423.35,68.52000000000021,80.22999999999996,1,1,1.0
613,55,786.06,382.74,156.12,300.58000000000004,1,1,1.0
613,43,1212.56,663.89,67.36000000000013,56.41999999999996,1,1,1.0
613,61,0.47,0.34,277.13,59.059999999999995,1,1,1.0
613,62,1.17,45.9,572.0200000000001,209.37,1,1,1.0
614,30,2.87,247.2,479.49,117.60000000000002,1,1,1.0
614,39,562.23,83.35,339.53,148.39000000000001,1,1,1.0
614,55,789.04,381.14,160.71000000000004,294.13,1,1,1.0
614,61,0.55,0.0,280.95,75.4,1,1,1.0
614,62,1.21,44.0,616.7099999999999,213.13,1,1,1.0
615,30,0.94,248.3,466.33,123.25999999999999,1,1,1.0
615,39,566.8,84.1,327.2700000000001,137.64000000000001,1,1,1.0
615,55,791.73,372.72,167.90999999999997,296.11,1,1,1.0
615,61,0.0,0.0,300.27,83.63,1,1,1.0
615,62,0.0,46.7,704.8,206.18,1,1,1.0
616,30,1.61,243.81,452.47999999999996,136.8,1,1,1.0
616,39,682.1,81.67,205.22000000000003,133.58999999999997,1,1,1.0
616,55,792.24,366.28,172.55999999999995,292.32000000000005,1,1,1.0
616,61,0.0,0.0,326.61,85.71,1,1,1.0
616,62,0.0,48.17,784.5,198.81,1,1,1.0
617,30,0.0,246.96,438.11,141.11999999999998,1,1,1.0
617,39,820.9,141.58,60.77999999999997,70.30999999999997,1,1,1.0
617,55,791.39,357.75,181.08000000000004,283.73,1,1,1.0
617,61,0.05,0.0,351.75,91.6,1,1,1.0
617,62,58.1,47.42,783.6999999999999,203.55,1,1,1.0
618,30,0.16,247.15,417.97999999999996,151.54,1,1,1.0
618,39,764.0,128.76,99.47000000000003,76.13,1,1,1.0
618,55,791.32,352.27,187.5999999999999,275.58000000000004,1,1,1.0
618,61,0.71,0.0,380.42,123.9,1,1,1.0
618,62,234.47,50.92,660.27,216.88,1,1,1.0
619,30,0.05,247.69,402.8,161.66000000000003,1,1,1.0
619,55,791.51,346.54,195.06000000000006,263.63999999999993,1,1,1.0
619,61,0.35,0.05,412.17999999999995,122.43,1,1,1.0
619,62,331.87,53.47,620.43,192.74,1,1,1.0
620,30,0.2,246.61,379.92,164.58999999999997,1,1,1.0
620,39,510.15,69.63,183.05000000000007,68.57,1,1,1.0
620,55,796.23,340.69,201.48000000000002,249.82,1,1,1.0
620,61,0.76,0.02,447.75,124.97,1,1,1.0
620,62,426.83,58.74,599.26,177.32999999999998,1,1,1.0
621,30,0.04,245.14,367.02,162.41000000000003,1,1,1.0
621,39,503.77,69.25,218.13,65.44999999999999,1,1,1.0
621,55,801.49,333.59,217.22000000000003,251.82999999999998,1,1,1.0
621,61,0.48,0.21,484.22999999999996,113.98,1,1,1.0
621,62,504.42,59.49,585.1899999999998,172.81,1,1,1.0
622,30,0.0,244.43,350.87,159.75,1,1,1.0
622,39,497.4,68.86,248.60000000000002,81.49,1,1,1.0
622,55,839.1,330.25,197.92999999999995,257.80999999999995,1,1,1.0
622,61,0.82,0.13,518.75,123.80000000000001,1,1,1.0
622,62,607.6,56.7,561.5500000000001,186.99,1,1,1.0
623,30,0.0,245.69,336.91,153.7,1,1,1.0
623,39,491.02,68.48,279.08000000000004,97.52,1,1,1.0
623,55,866.07,327.0,193.43999999999994,249.94000000000005,1,1,1.0
623,61,0.0,0.2,557.41,126.27,1,1,1.0
623,62,696.1,51.97,543.38,180.49,1,1,1.0
624,30,0.0,248.72,327.95,147.98,1,1,1.0
624,39,481.41,65.74,338.38999999999993,103.96,1,1,1.0
624,55,880.87,323.5,203.68999999999994,236.05999999999995,1,1,1.0
624,61,0.0,0.26,590.81,122.24,1,1,1.0
624,62,746.78,38.56,530.9000000000001,187.03,1,1,1.0
625,30,0.0,251.07,309.63,141.42000000000002,1,1,1.0
625,39,485.97,69.03,318.77,112.34,1,1,1.0
625,55,884.07,319.97,223.79999999999984,192.35000000000002,1,1,1.0
625,61,0.0,0.13,626.35,125.08,1,1,1.0
625,62,826.54,34.06,452.24,187.67,1,1,1.0
626,30,0.21,277.73,291.86,112.00999999999999,1,1,1.0
626,39,478.56,81.06,320.28000000000003,102.96000000000001,1,1,1.0
626,55,884.64,316.53,246.79000000000008,215.12,1,1,1.0
626,61,6.45,0.13,641.1099999999999,130.55,1,1,1.0
626,62,892.0,34.04,387.3800000000001,171.76000000000002,1,1,1.0
627,30,0.12,284.51,276.7,100.67000000000002,1,1,1.0
627,39,450.88,83.36,336.78,102.58,1,1,1.0
627,55,882.34,313.11,277.05000000000007,204.36,1,1,1.0
627,61,45.6,0.41,629.93,135.70000000000002,1,1,1.0
627,62,937.95,23.53,342.0899999999999,169.29,1,1,1.0
628,30,0.1,291.5,245.56,91.99000000000001,1,1,1.0
628,39,474.12,90.91,298.86,100.68,1,1,1.0
628,55,882.86,307.61,293.83000000000004,170.5,1,1,1.0
628,61,78.8,0.39,627.26,139.72000000000003,1,1,1.0
628,62,976.35,43.51,303.91999999999996,139.03,1,1,1.0
629,30,0.0,297.19,231.29,97.00999999999999,1,1,1.0
629,39,469.04,97.26,295.40000000000003,85.79,1,1,1.0
629,55,885.2,301.5,312.78999999999996,170.85000000000002,1,1,1.0
629,61,123.04,0.91,606.26,139.29,1,1,1.0
629,62,1023.73,56.4,256.6500000000001,107.47999999999999,1,1,1.0
630,30,0.2,298.52,209.31,105.77000000000004,1,1,1.0
630,39,455.98,94.44,296.93999999999994,78.88,1,1,1.0
630,55,883.72,290.86,329.20000000000005,153.03999999999996,1,1,1.0
630,61,181.11,0.0,586.09,136.7,1,1,1.0
630,62,1102.85,61.6,176.91000000000008,91.07,1,1,1.0
631,30,0.44,296.11,172.4,116.75,1,1,1.0
631,39,436.74,82.13,296.93999999999994,78.88,1,1,1.0
631,55,880.11,283.24,349.2800000000001,151.76,1,1,1.0
631,61,225.32,0.6,562.48,134.1,1,1,1.0
631,62,1176.86,61.5,102.69000000000005,75.4,1,1,1.0
632,30,0.35,285.15,136.32,126.12,1,1,1.0
632,39,459.1,79.82,264.5799999999999,78.88,1,1,1.0
632,55,882.82,279.42,358.82000000000005,143.89999999999998,1,1,1.0
632,61,273.41,0.12,551.3899999999999,134.57999999999998,1,1,1.0
633,30,0.61,282.23,103.63,112.97999999999996,1,1,1.0
633,39,413.7,72.13,296.13000000000005,78.88,1,1,1.0
633,55,884.34,275.76,378.82000000000005,140.79000000000002,1,1,1.0
633,61,316.4,0.0,543.0,124.9,1,1,1.0
634,30,0.0,255.22,80.1,112.97999999999999,1,1,1.0
634,39,336.8,36.0,373.8,100.38999999999999,1,1,1.0
634,55,884.26,272.67,394.1500000000001,137.01999999999998,1,1,1.0
634,61,404.25,0.0,482.45000000000005,113.53,1,1,1.0
635,30,0.31,244.04,68.5,100.4,1,1,1.0
635,39,326.03,24.46,373.80000000000007,100.38,1,1,1.0
635,55,886.38,270.82,392.0000000000001,127.54000000000002,1,1,1.0
635,61,439.45,0.0,482.84999999999997,106.02,1,1,1.0
636,30,0.43,220.2,51.24,98.54000000000002,1,1,1.0
636,39,317.56,16.76,373.8,100.39,1,1,1.0
636,55,889.57,269.68,388.83000000000004,117.00999999999999,1,1,1.0
636,61,473.34,0.0,482.26000000000005,100.89,1,1,1.0
637,63,0.3,387.39,82.56,70.12,1,1,1.0
637,39,296.8,0.0,389.18,105.61,1,1,1.0
637,55,894.51,264.84,384.3599999999999,111.81,1,1,1.0
637,61,499.97,0.0,474.63,83.48,1,1,1.0
638,63,0.35,373.56,129.86,76.02999999999997,1,1,1.0
638,39,282.2,0.0,393.77000000000004,94.84,1,1,1.0
638,55,920.54,263.13,358.01,115.97000000000003,1,1,1.0
638,61,521.13,1.54,495.57000000000005,72.82,1,1,1.0
639,63,0.38,355.81,169.81,95.75999999999999,1,1,1.0
639,39,271.43,0.0,393.77000000000004,79.45,1,1,1.0
639,55,944.72,255.08,333.9200000000001,124.4,1,1,1.0
639,61,541.5,0.0,498.23,63.0,1,1,1.0
640,63,0.28,343.71,207.35999999999999,109.09000000000003,1,1,1.0
640,39,263.0,0.0,399.89,74.06,1,1,1.0
640,55,971.32,246.0,307.9,128.95999999999998,1,1,1.0
640,61,729.97,0.0,329.6399999999999,39.2,1,1,1.0
641,63,0.22,334.32,243.82,103.84000000000003,1,1,1.0
641,39,246.1,0.0,405.25,58.67,1,1,1.0
641,55,988.06,247.6,292.25,114.47999999999999,1,1,1.0
641,61,766.42,0.41,279.42999999999995,32.900000000000006,1,1,1.0
642,63,0.41,316.19,283.53999999999996,114.10000000000002,1,1,1.0
642,39,248.6,0.0,389.55999999999995,48.36,1,1,1.0
642,55,994.96,238.41,284.8299999999999,118.76000000000002,1,1,1.0
643,63,0.15,300.07,312.91,125.72000000000003,1,1,1.0
643,39,257.83,0.0,378.21999999999997,41.2,1,1,1.0
643,55,1003.45,236.06,275.8599999999999,114.25,1,1,1.0
644,63,0.07,300.79,355.34000000000003,122.06,1,1,1.0
644,39,272.86,0.0,357.68999999999994,34.78,1,1,1.0
644,55,1013.35,233.16,265.9999999999999,111.78,1,1,1.0
