1724168374673946600,1,505.37,619.3,165.27999999999997,33.770000000000095,1,2,1.0
1724168374733567200,1,505.0,618.6,162.38,35.559999999999945,1,2,1.0
1724168374806817500,1,505.0,618.6,160.20000000000005,34.10000000000002,1,2,1.0
1724168374872236800,1,505.0,618.6,163.10000000000002,34.5,1,2,1.0
1724168374925284200,1,507.4,620.9,159.97000000000003,33.84000000000003,1,2,1.0
1724168375004925100,1,508.1,619.0,159.63,35.01999999999998,1,2,1.0
1724168375060706400,1,507.0,621.2,161.17999999999995,32.289999999999964,1,2,1.0
1724168375248662000,1,506.3,619.3,163.06,34.57000000000005,1,2,1.0
1724168375273512100,1,505.2,618.4,165.32999999999998,35.120000000000005,1,2,1.0
1724168375337828500,1,511.9,620.8,158.70000000000005,31.790000000000077,1,2,1.0
1724168375387619800,1,512.2,622.38,160.83999999999992,30.81000000000006,1,2,1.0
1724168375424903600,1,515.9,621.34,156.89,31.289999999999964,1,2,1.0
1724168375472921600,1,513.25,622.64,161.54999999999995,28.75999999999999,1,2,1.0
1724168375540085100,1,515.2,621.12,160.62,30.340000000000032,1,2,1.0
1724168375577185800,1,511.7,622.83,169.95,27.409999999999968,1,2,1.0
1724168375631479200,1,513.7,623.1,168.54999999999995,25.110000000000014,1,2,1.0
1724168375701783600,1,513.3,622.78,165.6500000000001,26.33000000000004,1,2,1.0
1724168375757729400,1,509.0,622.78,172.5,23.420000000000073,1,2,1.0
1724168375822219500,1,510.01,621.6,172.41999999999996,24.199999999999932,1,2,1.0
1724168375890650000,1,508.92,622.1,175.04000000000002,22.779999999999973,1,2,1.0
1724168375946858400,1,508.45,621.55,176.57,23.020000000000095,1,2,1.0
1724168376012332800,1,513.0,621.26,175.04999999999995,22.08000000000004,1,2,1.0
1724168376076300200,1,513.1,620.96,176.02999999999997,21.120000000000005,1,2,1.0
1724168376140294800,1,512.7,621.9,172.39999999999998,19.149999999999977,1,2,1.0
1724168376205482900,1,511.8,620.04,174.40000000000003,20.879999999999995,1,2,1.0
1724168376270577200,1,511.2,619.52,178.70999999999998,20.980000000000018,1,2,1.0
1724168376332377000,1,509.04,618.42,182.09999999999997,21.480000000000018,1,2,1.0
1724168376395644000,1,505.21,617.86,183.16000000000003,20.870000000000005,1,2,1.0
1724168376467662400,1,502.85,618.11,185.74,22.289999999999964,1,2,1.0
1724168376570960100,1,500.78,616.9,190.66000000000008,23.200000000000045,1,2,1.0
1724168376622858400,1,504.75,615.91,186.54999999999995,23.790000000000077,1,2,1.0
1724168376681105400,1,507.43,615.7,186.86999999999995,21.799999999999955,1,2,1.0
1724168376741814300,1,501.57,614.9,187.72999999999996,23.399999999999977,1,2,1.0
1724168376788850600,1,502.79,614.59,186.10999999999996,22.809999999999945,1,2,1.0
1724168376846327800,1,501.98,613.15,187.81999999999994,25.149999999999977,1,2,1.0
1724168376912506700,1,501.85,613.75,189.84000000000003,21.25999999999999,1,2,1.0
1724168376984863100,1,503.0,611.86,187.89999999999998,23.340000000000032,1,2,1.0
1724168377047253400,1,501.66,611.11,194.83999999999997,23.289999999999964,1,2,1.0
1724168377104038400,1,500.69,612.0,196.04000000000002,22.480000000000018,1,2,1.0
1724168377165495200,1,501.21,610.2,192.69,23.579999999999927,1,2,1.0
1724168377230710800,1,498.1,608.3,196.29999999999995,24.08000000000004,1,2,1.0
1724168377295454200,1,500.12,609.8,195.48000000000002,23.230000000000018,1,2,1.0
1724168377358310900,1,493.9,607.1,204.0,25.079999999999927,1,2,1.0
1724168377426445000,1,494.0,607.5,202.0,23.82000000000005,1,2,1.0
1724168377492431000,1,494.11,604.97,203.59000000000003,25.829999999999927,1,2,1.0
1724168377548594600,1,490.25,604.5,208.25,25.799999999999955,1,2,1.0
1724168377614540600,1,487.93,605.54,206.07,24.460000000000036,1,2,1.0
1724168377697517300,1,490.8,604.62,202.06,25.25,1,2,1.0
1724168377769250600,1,488.86,603.03,209.34000000000003,29.57000000000005,1,2,1.0
1724168377826445100,1,487.22,602.48,213.57999999999993,28.220000000000027,1,2,1.0
1724168377876232300,1,487.23,602.41,213.87,26.790000000000077,1,2,1.0
1724168377931481000,1,482.65,601.61,217.14999999999998,25.49000000000001,1,2,1.0
1724168378001978100,1,485.4,601.77,214.88,25.620000000000005,1,2,1.0
1724168378065927200,1,486.24,600.45,215.26,26.449999999999932,1,2,1.0
1724168378124736500,1,481.97,598.84,221.92999999999995,26.629999999999995,1,2,1.0
1724168378192721300,1,485.14,599.61,219.24,24.299999999999955,1,2,1.0
1724168378255044100,1,479.82,597.58,220.88000000000005,28.219999999999914,1,2,1.0
1724168378320156200,1,484.34,598.92,221.16000000000003,24.980000000000018,1,2,1.0
1724168378384020000,1,487.6,597.46,219.39999999999998,25.039999999999964,1,2,1.0
1724168378446004500,1,485.0,598.66,221.0,23.139999999999986,1,2,1.0
1724168378514632800,1,495.08,597.2,209.44,24.3599999999999,1,2,1.0
1724168378575478100,1,484.23,596.92,223.97000000000003,24.480000000000018,1,2,1.0
1724168378641668800,1,479.3,597.1,229.12999999999994,25.090000000000032,1,2,1.0
1724168378708037000,1,481.12,596.7,228.48000000000002,25.09999999999991,1,2,1.0
1724168378764758700,1,485.79,597.16,221.72999999999996,24.290000000000077,1,2,1.0
1724168378837096400,1,480.17,595.79,225.21999999999997,23.81000000000006,1,2,1.0
1724168378898250700,1,480.16,594.18,226.53000000000003,25.32000000000005,1,2,1.0
1724168378958873900,1,482.4,593.04,225.26999999999998,27.99000000000001,1,2,1.0
1724168379032420300,1,483.14,593.83,224.63,26.799999999999955,1,2,1.0
1724168379089218800,1,486.74,595.44,221.03999999999996,24.889999999999986,1,2,1.0
1724168379163847600,1,483.67,594.97,225.8,26.370000000000005,1,2,1.0
1724168379219257300,1,481.2,594.41,227.65000000000003,27.019999999999982,1,2,1.0
1724168379277782100,1,482.53,594.43,224.97000000000003,27.770000000000095,1,2,1.0
1724168379345810100,1,475.81,593.57,231.29000000000002,29.329999999999927,1,2,1.0
1724168379440723000,1,475.33,593.6,228.37000000000006,28.5,1,2,1.0
1724168379518676100,1,475.57,594.25,227.72999999999996,26.549999999999955,1,2,1.0
1724168379579043700,1,477.05,593.26,228.84999999999997,29.940000000000055,1,2,1.0
1724168379597359300,1,476.16,592.44,226.06,29.629999999999995,1,2,1.0
1724168379664070600,1,475.93,594.27,227.64000000000004,28.399999999999977,1,2,1.0
1724168379726904200,1,477.86,594.23,232.74,28.069999999999936,1,2,1.0
1724168379789491300,1,476.03,592.59,228.17000000000007,31.209999999999923,1,2,1.0
1724168379897758400,1,474.63,592.51,232.47000000000003,31.49000000000001,1,2,1.0
1724168379958004200,1,477.97,593.98,228.02999999999997,29.41999999999996,1,2,1.0
1724168380020380100,1,483.51,595.56,224.28999999999996,27.1400000000001,1,2,1.0
1724168380076219200,1,474.55,592.56,228.34999999999997,30.74000000000001,1,2,1.0
1724168380131486800,1,476.47,594.34,221.68999999999994,29.0,1,2,1.0
1724168380203953300,1,475.63,594.27,227.20000000000005,30.25,1,2,1.0
1724168380246117700,1,477.88,594.27,225.08000000000004,28.700000000000045,1,2,1.0
1724168380323651100,1,475.48,596.59,231.15999999999997,29.279999999999973,1,2,1.0
1724168380369800800,1,477.42,596.52,226.32999999999998,27.08000000000004,1,2,1.0
1724168380434410800,1,485.69,597.55,220.58999999999997,28.020000000000095,1,2,1.0
1724168380495658200,1,478.27,596.67,225.69000000000005,26.520000000000095,1,2,1.0
1724168380559781000,1,479.38,596.42,227.52999999999997,26.770000000000095,1,2,1.0
1724168380621240100,1,477.86,596.38,220.55999999999995,26.720000000000027,1,2,1.0
1724168380687713500,1,477.3,597.0,230.17000000000002,29.41999999999996,1,2,1.0
1724168380750429700,1,478.95,597.24,223.16000000000003,26.539999999999964,1,2,1.0
1724168380814951700,1,474.39,596.15,222.75,26.290000000000077,1,2,1.0
1724168380878225300,1,482.97,599.56,217.74,25.980000000000018,1,2,1.0
1724168380948359700,1,483.23,598.55,218.31999999999994,25.930000000000064,1,2,1.0
1724168381004761300,1,485.26,599.32,214.73000000000002,25.41999999999996,1,2,1.0
1724168381072303200,1,485.42,601.16,221.06,22.74000000000001,1,2,1.0
1724168381131976600,1,484.9,600.35,217.90999999999997,22.980000000000018,1,2,1.0
1724168381199047200,1,479.53,598.36,225.06000000000006,25.43999999999994,1,2,1.0
1724168381260868000,1,481.92,600.35,222.44,23.970000000000027,1,2,1.0
1724168381337649100,1,481.5,600.33,223.96000000000004,22.819999999999936,1,2,1.0
1724168381406013900,1,485.91,601.3,216.36999999999995,23.780000000000086,1,2,1.0
1724168381468778200,1,487.06,602.14,219.08999999999997,22.120000000000005,1,2,1.0
1724168381517070700,1,486.29,603.04,216.55,22.220000000000027,1,2,1.0
1724168381580622900,1,486.37,602.96,215.71000000000004,22.329999999999927,1,2,1.0
1724168381644535300,1,481.94,601.96,221.09999999999997,27.370000000000005,1,2,1.0
1724168381717487600,1,484.84,602.0,212.46999999999997,25.480000000000018,1,2,1.0
1724168381772929900,1,486.9,603.03,218.17000000000007,25.00999999999999,1,2,1.0
1724168381838685300,1,487.6,602.72,210.39999999999998,24.589999999999918,1,2,1.0
1724168381908123200,1,493.25,602.02,202.95000000000005,26.680000000000064,1,2,1.0
1724168381969928800,1,486.91,602.24,213.29000000000002,26.960000000000036,1,2,1.0
1724168382042676100,1,484.31,601.25,216.08999999999997,28.950000000000045,1,2,1.0
1724168382093290600,1,484.47,601.67,212.02999999999997,27.930000000000064,1,2,1.0
1724168382157288600,1,482.06,600.67,215.54000000000002,28.030000000000086,1,2,1.0
1724168382225781300,1,483.02,600.67,215.31000000000006,27.139999999999986,1,2,1.0
1724168382292213500,1,484.69,601.96,217.01000000000005,25.42999999999995,1,2,1.0
1724168382353916200,1,490.94,604.63,213.35999999999996,21.66999999999996,1,2,1.0
1724168382412707900,1,485.79,604.15,213.60999999999996,23.480000000000018,1,2,1.0
1724168382598596900,1,489.75,604.09,211.5,23.209999999999923,1,2,1.0
1724168382618884600,1,490.33,605.26,214.34999999999997,22.480000000000018,1,2,1.0
1724168382677517700,1,489.77,604.91,216.70000000000005,21.74000000000001,1,2,1.0
1724168382722098000,1,489.32,604.63,218.94,22.019999999999982,1,2,1.0
1724168382769817700,1,493.57,604.81,208.85999999999996,22.110000000000014,1,2,1.0
1724168382828772200,1,491.36,604.12,215.41999999999996,23.25,1,2,1.0
1724168382874034900,1,489.3,605.01,219.19,21.799999999999955,1,2,1.0
1724168382931427200,1,490.78,605.06,216.33000000000004,23.410000000000082,1,2,1.0
1724168382990940400,1,491.02,604.86,216.03999999999996,22.16999999999996,1,2,1.0
1724168383061353700,1,494.21,604.83,212.29000000000002,22.309999999999945,1,2,1.0
1724168383117836100,1,490.9,604.7,216.68000000000006,22.620000000000005,1,2,1.0
1724168383186327200,1,492.7,605.82,212.06,21.68999999999994,1,2,1.0
1724168383247365400,1,493.6,605.95,211.30999999999995,22.139999999999986,1,2,1.0
1724168383247365400,2,627.59,628.35,31.059999999999945,11.470000000000027,1,1,1.0
1724168383307295200,1,492.77,607.68,213.23000000000002,22.940000000000055,1,2,1.0
1724168383307295200,2,623.71,629.23,39.389999999999986,12.169999999999959,1,1,1.0
1724168383373935600,1,489.52,606.05,214.92000000000007,23.49000000000001,1,2,1.0
1724168383373935600,2,623.42,628.42,48.680000000000064,15.080000000000041,1,1,1.0
1724168383441021300,1,489.66,605.23,212.95,22.220000000000027,1,2,1.0
1724168383441021300,2,624.4,631.29,54.80000000000007,14.910000000000082,1,1,1.0
1724168383507830600,1,489.72,604.19,211.67999999999995,25.209999999999923,1,2,1.0
1724168383507830600,2,625.31,628.65,49.190000000000055,16.550000000000068,1,1,1.0
1724168383568275700,1,487.91,602.74,214.29000000000002,28.460000000000036,1,2,1.0
1724168383568275700,2,632.37,632.26,45.89999999999998,14.240000000000009,1,1,1.0
1724168383630379300,1,489.49,606.41,214.51,25.99000000000001,1,2,1.0
1724168383630379300,2,644.21,631.23,33.08999999999992,15.069999999999936,1,1,1.0
1724168383838705900,1,488.77,602.79,212.33000000000004,29.910000000000082,1,2,1.0
1724168383838705900,2,652.26,630.36,32.639999999999986,13.139999999999986,1,1,1.0
1724168383854495900,1,490.51,605.98,204.99,27.620000000000005,1,2,1.0
1724168383854495900,2,650.95,631.4,29.649999999999977,13.409999999999968,1,1,1.0
1724168383911838500,1,486.9,604.5,206.39999999999998,28.039999999999964,1,2,1.0
1724168383911838500,2,659.3,633.73,18.770000000000095,9.870000000000005,1,1,1.0
1724168383958617200,1,490.11,602.06,202.68999999999994,29.840000000000032,1,2,1.0
1724168383958617200,2,666.26,631.13,14.210000000000036,10.169999999999959,1,1,1.0
1724168384019536100,1,488.59,602.75,204.70999999999998,29.649999999999977,1,2,1.0
1724168384077221400,1,485.86,602.03,207.53999999999996,29.269999999999982,1,2,1.0
1724168384112438000,1,487.8,601.61,208.3,31.789999999999964,1,2,1.0
1724168384160259300,1,487.21,601.49,207.58999999999997,30.210000000000036,1,2,1.0
1724168384219064500,1,482.68,600.74,214.11999999999995,31.860000000000014,1,2,1.0
1724168384283514900,1,481.86,600.53,213.03999999999996,32.17000000000007,1,2,1.0
1724168384333094100,1,479.17,597.76,216.22999999999996,34.639999999999986,1,2,1.0
1724168384402971000,1,478.52,597.44,217.27999999999997,34.3599999999999,1,2,1.0
1724168384468311100,1,473.77,593.26,222.93000000000006,39.940000000000055,1,2,1.0
1724168384524341400,1,479.44,599.33,216.66000000000003,31.469999999999914,1,2,1.0
1724168384594277000,1,481.9,598.4,214.70000000000005,31.100000000000023,1,2,1.0
1724168384656864700,1,477.6,593.8,215.48000000000002,35.710000000000036,1,2,1.0
1724168384716273300,1,485.5,601.34,212.79999999999995,27.789999999999964,1,2,1.0
1724168384716273300,3,533.61,639.83,22.799999999999955,14.539999999999964,1,1,1.0
1724168384780980900,1,474.09,595.87,220.50000000000006,34.10000000000002,1,2,1.0
1724168384780980900,3,536.3,639.04,22.3900000000001,15.56000000000006,1,1,1.0
1724168384851320200,1,474.57,595.27,221.57,33.23000000000002,1,2,1.0
1724168384851320200,3,535.9,641.19,27.74000000000001,14.6099999999999,1,1,1.0
1724168384913066100,1,475.06,592.95,223.77000000000004,35.59999999999991,1,2,1.0
1724168384913066100,3,538.2,641.2,34.979999999999905,14.299999999999955,1,1,1.0
1724168384913066100,4,523.01,630.72,10.740000000000009,11.990000000000009,1,1,1.0
1724168384973123500,1,477.98,594.83,219.78999999999996,33.549999999999955,1,2,1.0
1724168384973123500,3,535.4,639.81,41.690000000000055,17.8900000000001,1,1,1.0
1724168384973123500,4,521.48,632.25,17.120000000000005,11.75,1,1,1.0
1724168385042395200,1,478.74,594.82,219.5,33.39999999999998,1,2,1.0
1724168385042395200,3,537.3,638.71,48.860000000000014,20.089999999999918,1,1,1.0
1724168385042395200,4,517.65,630.46,27.050000000000068,14.039999999999964,1,1,1.0
1724168385102289100,1,479.2,591.49,220.09999999999997,35.809999999999945,1,2,1.0
1724168385102289100,3,541.5,634.46,42.01999999999998,25.039999999999964,1,1,1.0
1724168385102289100,4,523.9,633.32,25.029999999999973,13.379999999999995,1,1,1.0
1724168385166665900,1,476.76,593.56,225.5,33.58000000000004,1,2,1.0
1724168385166665900,3,544.4,634.21,48.17000000000007,25.289999999999964,1,1,1.0
1724168385166665900,4,520.2,630.41,34.25,17.389999999999986,1,1,1.0
1724168385227401200,1,482.19,596.46,219.93,28.980000000000018,1,2,1.0
1724168385227401200,3,551.8,629.25,49.31000000000006,33.35000000000002,1,1,1.0
1724168385227401200,4,528.0,630.1,30.120000000000005,20.899999999999977,1,1,1.0
1724168385295047900,1,484.22,595.66,216.97000000000003,30.629999999999995,1,2,1.0
1724168385295047900,3,554.9,631.86,46.81000000000006,31.039999999999964,1,1,1.0
1724168385295047900,4,526.2,629.8,33.6099999999999,20.90000000000009,1,1,1.0
1724168385358177600,1,482.5,592.76,216.11,33.16999999999996,1,2,1.0
1724168385358177600,3,554.5,630.1,51.08000000000004,28.299999999999955,1,1,1.0
1724168385358177600,4,529.6,627.5,41.07999999999993,22.0,1,1,1.0
1724168385419959800,1,481.32,595.35,221.10999999999996,31.879999999999995,1,2,1.0
1724168385419959800,3,558.1,630.6,53.289999999999964,26.199999999999932,1,1,1.0
1724168385419959800,4,529.1,627.65,37.139999999999986,23.850000000000023,1,1,1.0
1724168385486732100,1,482.09,595.48,214.81,30.590000000000032,1,2,1.0
1724168385486732100,3,562.7,627.8,51.33999999999992,27.5,1,1,1.0
1724168385486732100,4,528.9,627.2,39.33000000000004,23.399999999999977,1,1,1.0
1724168385558941900,1,486.15,590.96,217.14999999999998,35.84999999999991,1,2,1.0
1724168385558941900,3,567.2,627.52,68.79999999999995,25.58000000000004,1,1,1.0
1724168385558941900,4,529.4,627.04,41.74000000000001,24.960000000000036,1,1,1.0
1724168385624385200,1,481.4,592.63,215.76,34.710000000000036,1,2,1.0
1724168385624385200,3,569.1,629.5,65.29999999999995,23.200000000000045,1,1,1.0
1724168385624385200,4,525.4,626.22,45.89999999999998,24.379999999999995,1,1,1.0
1724168385677859800,1,482.59,588.86,214.40000000000003,39.10000000000002,1,2,1.0
1724168385677859800,3,572.8,629.67,70.60000000000002,25.030000000000086,1,1,1.0
1724168385677859800,4,531.8,623.75,41.180000000000064,26.450000000000045,1,1,1.0
1724168385751447900,1,477.71,586.38,217.77000000000004,41.42999999999995,1,2,1.0
1724168385751447900,3,577.7,631.84,73.92999999999995,22.860000000000014,1,1,1.0
1724168385751447900,4,528.4,627.13,48.90999999999997,28.57000000000005,1,1,1.0
1724168385808213400,1,485.41,588.12,207.8,39.460000000000036,1,2,1.0
1724168385808213400,3,601.02,628.42,60.680000000000064,19.780000000000086,1,1,1.0
1724168385808213400,4,528.3,623.84,58.55000000000007,30.659999999999968,1,1,1.0
1724168385872732800,1,478.16,585.46,216.28000000000003,42.039999999999964,1,2,1.0
1724168385872732800,3,603.7,630.19,63.299999999999955,18.00999999999999,1,1,1.0
1724168385872732800,4,548.85,622.11,37.64999999999998,29.590000000000032,1,1,1.0
1724168385936680700,1,475.0,584.85,216.22000000000003,43.24000000000001,1,2,1.0
1724168385936680700,3,599.97,631.42,70.32999999999993,16.680000000000064,1,1,1.0
1724168385936680700,4,544.8,624.67,45.23000000000002,21.629999999999995,1,1,1.0
1724168386006926400,1,476.62,585.82,213.88,43.289999999999964,1,2,1.0
1724168386006926400,3,617.17,629.4,55.23000000000002,17.49000000000001,1,1,1.0
1724168386006926400,4,545.8,623.15,49.15000000000009,23.350000000000023,1,1,1.0
1724168386066654500,1,477.04,586.12,213.82,43.110000000000014,1,2,1.0
1724168386066654500,3,628.53,633.84,44.17000000000007,15.559999999999945,1,1,1.0
1724168386066654500,4,545.8,620.99,48.04000000000008,25.409999999999968,1,1,1.0
1724168386132011700,1,472.6,586.68,221.69999999999993,44.42000000000007,1,2,1.0
1724168386132011700,3,630.58,636.08,42.41999999999996,12.419999999999959,1,1,1.0
1724168386132011700,4,548.5,619.26,39.639999999999986,23.340000000000032,1,1,1.0
1724168386193164600,1,472.5,585.83,221.0,45.370000000000005,1,2,1.0
1724168386193164600,3,647.59,637.51,26.110000000000014,8.690000000000055,1,1,1.0
1724168386193164600,4,544.5,619.37,45.799999999999955,18.33000000000004,1,1,1.0
1724168386256682400,1,471.29,586.01,222.70999999999998,44.889999999999986,1,2,1.0
1724168386256682400,3,656.4,635.26,17.899999999999977,8.639999999999986,1,1,1.0
1724168386256682400,4,543.5,618.69,47.370000000000005,17.6099999999999,1,1,1.0
1724168386316880000,1,473.49,585.62,223.51,44.27999999999997,1,2,1.0
1724168386316880000,4,549.0,618.63,35.72000000000003,16.470000000000027,1,1,1.0
1724168386394854300,1,472.08,585.38,221.71999999999997,45.620000000000005,1,2,1.0
1724168386394854300,5,499.35,608.17,21.610000000000014,10.800000000000068,1,1,1.0
1724168386394854300,4,558.7,623.99,18.829999999999927,11.509999999999991,1,1,1.0
1724168386447715200,1,469.12,583.66,225.01,47.83000000000004,1,2,1.0
1724168386447715200,4,552.6,627.69,25.289999999999964,9.1099999999999,1,1,1.0
1724168386510029300,1,473.05,584.34,220.66000000000003,47.14999999999998,1,2,1.0
1724168386510029300,6,540.0,625.08,11.159999999999968,8.120000000000005,1,1,1.0
1724168386582932600,1,471.79,584.41,223.05,45.91000000000008,1,2,1.0
1724168386582932600,6,531.3,625.08,19.860000000000014,8.120000000000005,1,1,1.0
1724168386640962600,1,471.41,586.3,220.07,44.610000000000014,1,2,1.0
1724168386640962600,6,532.5,622.94,20.299999999999955,11.559999999999945,1,1,1.0
1724168386640962600,7,640.66,637.93,21.200000000000045,9.200000000000045,1,1,1.0
1724168386702023300,1,474.42,586.95,218.45,42.049999999999955,1,2,1.0
1724168386702023300,6,531.51,624.26,20.31000000000006,11.56000000000006,1,1,1.0
1724168386702023300,7,643.66,634.56,26.040000000000077,14.040000000000077,1,1,1.0
1724168386771729100,1,474.8,590.39,216.05,38.51999999999998,1,2,1.0
1724168386771729100,6,530.7,625.08,23.41999999999996,12.519999999999982,1,1,1.0
1724168386771729100,7,642.34,633.8,29.75999999999999,14.200000000000045,1,1,1.0
1724168386833918400,1,481.99,589.74,213.80999999999995,39.25999999999999,1,2,1.0
1724168386833918400,6,521.8,624.26,31.5,14.539999999999964,1,1,1.0
1724168386833918400,7,645.07,631.78,26.92999999999995,19.120000000000005,1,1,1.0
1724168386890567500,1,484.66,588.17,214.63999999999993,40.530000000000086,1,2,1.0
1724168386890567500,6,522.5,628.0,29.299999999999955,10.799999999999955,1,1,1.0
1724168386890567500,7,654.83,634.03,16.969999999999914,13.170000000000073,1,1,1.0
1724168386956647300,1,484.65,591.43,215.25,36.34000000000003,1,2,1.0
1724168386956647300,6,523.1,628.1,31.579999999999927,12.899999999999977,1,1,1.0
1724168387020222100,1,486.09,593.83,211.57999999999998,32.389999999999986,1,2,1.0
1724168387020222100,6,524.48,627.54,30.93999999999994,16.75999999999999,1,1,1.0
1724168387085792100,1,490.63,595.54,212.26999999999998,31.25999999999999,1,2,1.0
1724168387085792100,6,526.67,628.57,28.370000000000005,16.329999999999927,1,1,1.0
1724168387153280500,1,492.29,600.09,210.41000000000003,27.00999999999999,1,2,1.0
1724168387153280500,8,522.6,628.97,19.720000000000027,14.529999999999973,1,1,1.0
1724168387153280500,6,539.0,637.3,20.100000000000023,9.200000000000045,1,1,1.0
1724168387218363100,1,487.22,596.44,216.02999999999997,29.8599999999999,1,2,1.0
1724168387218363100,8,520.0,627.2,21.700000000000045,11.699999999999932,1,1,1.0
1724168387218363100,6,542.53,637.02,15.970000000000027,14.580000000000041,1,1,1.0
1724168387280734200,1,489.43,597.81,202.85999999999996,29.470000000000027,1,2,1.0
1724168387280734200,8,517.7,628.01,12.799999999999955,9.789999999999964,1,1,1.0
1724168387280734200,6,541.38,636.95,14.519999999999982,19.84999999999991,1,1,1.0
1724168387340239100,1,490.17,599.62,214.72999999999996,24.980000000000018,1,2,1.0
1724168387340239100,8,511.9,621.48,22.120000000000005,17.120000000000005,1,1,1.0
1724168387340239100,6,535.5,636.38,17.590000000000032,21.120000000000005,1,1,1.0
1724168387407446500,1,490.74,601.62,215.88,23.049999999999955,1,2,1.0
1724168387407446500,6,536.5,637.83,19.17999999999995,19.069999999999936,1,1,1.0
1724168387472907200,1,493.46,599.01,213.95999999999998,25.600000000000023,1,2,1.0
1724168387472907200,6,536.7,632.74,24.589999999999918,26.360000000000014,1,1,1.0
1724168387533467000,1,490.23,599.35,219.82999999999993,25.149999999999977,1,2,1.0
1724168387533467000,6,537.0,634.72,24.82000000000005,23.079999999999927,1,1,1.0
1724168387625079200,1,488.83,598.12,219.22999999999996,27.049999999999955,1,2,1.0
1724168387625079200,6,540.03,630.47,16.769999999999982,29.629999999999995,1,1,1.0
1724168387684554700,1,490.78,595.68,215.23000000000002,29.440000000000055,1,2,1.0
1724168387684554700,6,541.0,638.26,17.340000000000032,20.639999999999986,1,1,1.0
1724168387744199300,1,489.71,595.29,217.34999999999997,29.139999999999986,1,2,1.0
1724168387744199300,6,539.9,633.33,21.370000000000005,25.16999999999996,1,1,1.0
1724168387806045000,1,495.36,595.9,206.41999999999996,28.360000000000014,1,2,1.0
1724168387806045000,6,540.6,637.1,21.42999999999995,20.399999999999977,1,1,1.0
1724168387867044500,1,487.8,594.95,215.36999999999995,30.039999999999964,1,2,1.0
1724168387867044500,6,539.6,635.84,23.92999999999995,22.959999999999923,1,1,1.0
1724168387925669600,1,491.92,596.05,209.42000000000002,28.270000000000095,1,2,1.0
1724168387925669600,6,541.4,640.11,14.850000000000023,15.889999999999986,1,1,1.0
1724168387991569700,1,490.81,595.36,214.57,28.370000000000005,1,2,1.0
1724168387991569700,6,542.7,647.65,9.779999999999973,10.350000000000023,1,1,1.0
1724168388050579800,1,490.62,594.9,215.27999999999997,28.159999999999968,1,2,1.0
1724168388110216600,1,492.63,593.6,212.31000000000006,30.399999999999977,1,2,1.0
1724168388175559000,1,491.43,595.94,213.09999999999997,27.789999999999964,1,2,1.0
1724168388236757300,1,490.28,597.67,214.04000000000008,27.180000000000064,1,2,1.0
1724168388300616400,1,492.36,596.28,212.40999999999997,27.300000000000068,1,2,1.0
1724168388366696600,1,493.03,597.28,217.34000000000003,26.850000000000023,1,2,1.0
1724168388429580800,1,492.15,597.92,215.47000000000003,25.720000000000027,1,2,1.0
1724168388501782900,1,489.97,597.76,218.57999999999993,25.299999999999955,1,2,1.0
1724168388560251500,1,492.71,596.77,215.83999999999997,27.100000000000023,1,2,1.0
1724168388627162700,1,491.6,599.41,218.67999999999995,23.5,1,2,1.0
1724168388687089200,1,491.92,598.7,218.83999999999997,26.42999999999995,1,2,1.0
1724168388748238700,1,490.5,599.32,218.0,24.09999999999991,1,2,1.0
1724168388818254300,1,490.06,599.89,219.23999999999995,22.960000000000036,1,2,1.0
1724168388882044400,1,492.77,598.96,218.23000000000002,24.43999999999994,1,2,1.0
1724168388940625200,1,492.77,598.96,218.23000000000002,24.43999999999994,1,2,1.0
1724168389004538900,1,491.91,600.46,216.72999999999996,26.269999999999982,1,2,1.0
1724168389082503200,1,496.53,599.4,216.14,23.659999999999968,1,2,1.0
1724168389135404400,1,496.53,599.4,207.76999999999998,23.659999999999968,1,2,1.0
1724168389201664900,1,496.09,598.9,210.91000000000003,24.639999999999986,1,2,1.0
1724168389273603500,1,495.65,598.4,214.05000000000007,25.610000000000014,1,2,1.0
1724168389332663500,1,495.21,599.1,209.57999999999998,25.389999999999986,1,2,1.0
1724168389389348600,1,494.99,599.2,212.51,25.24000000000001,1,2,1.0
1724168389453936700,1,499.01,601.2,207.57000000000005,23.289999999999964,1,2,1.0
1724168389518104000,1,495.09,600.8,213.20999999999998,24.340000000000032,1,2,1.0
1724168389588421700,1,497.97,599.0,208.18999999999994,26.360000000000014,1,2,1.0
1724168389645397400,1,496.86,599.0,209.93999999999994,26.83000000000004,1,2,1.0
1724168389713112500,1,493.49,600.8,211.28999999999996,24.660000000000082,1,2,1.0
1724168389783208400,1,494.54,598.1,210.63999999999993,29.120000000000005,1,2,1.0
1724168389840442400,1,491.13,600.5,213.72000000000003,24.870000000000005,1,2,1.0
1724168389914792000,1,494.48,600.9,205.55999999999995,24.850000000000023,1,2,1.0
1724168389981587500,1,493.53,602.8,205.49,22.74000000000001,1,2,1.0
1724168390031580000,1,497.36,601.6,210.97000000000003,23.959999999999923,1,2,1.0
1724168390095441000,1,495.06,600.8,206.59999999999997,25.540000000000077,1,2,1.0
1724168390156456300,1,499.69,602.3,204.43,24.40000000000009,1,2,1.0
1724168390219488000,1,502.23,605.21,201.65999999999997,20.569999999999936,1,2,1.0
1724168390219488000,9,528.9,633.09,21.210000000000036,13.809999999999945,1,1,1.0
1724168390339164300,1,498.77,603.48,205.46000000000004,22.74000000000001,1,2,1.0
1724168390339164300,9,527.9,631.01,24.290000000000077,15.190000000000055,1,1,1.0
1724168390403027100,1,502.41,603.08,197.36999999999995,24.219999999999914,1,2,1.0
1724168390403027100,9,525.8,632.2,26.910000000000082,13.829999999999927,1,1,1.0
1724168390458652500,1,497.91,603.78,202.79000000000002,23.860000000000014,1,2,1.0
1724168390458652500,9,520.8,631.68,26.530000000000086,16.220000000000027,1,1,1.0
1724168390505762000,1,502.11,603.97,195.23000000000002,25.589999999999918,1,2,1.0
1724168390505762000,9,522.53,631.68,26.540000000000077,16.220000000000027,1,1,1.0
1724168390548185800,1,503.64,602.94,192.26,24.309999999999945,1,2,1.0
1724168390548185800,9,525.3,630.47,29.83000000000004,17.42999999999995,1,1,1.0
1724168390605323500,1,504.24,603.9,192.59000000000003,23.440000000000055,1,2,1.0
1724168390605323500,9,517.67,628.39,32.129999999999995,21.909999999999968,1,1,1.0
1724168390674395700,1,503.55,605.51,198.77000000000004,21.860000000000014,1,2,1.0
1724168390674395700,9,525.3,629.95,22.200000000000045,21.549999999999955,1,1,1.0
1724168390730625400,1,507.65,607.0,196.75,22.129999999999995,1,2,1.0
1724168390730625400,9,525.13,628.04,22.16999999999996,23.25999999999999,1,1,1.0
1724168390797196500,1,506.0,606.34,197.26,23.75999999999999,1,2,1.0
1724168390797196500,9,526.51,629.08,21.289999999999964,23.219999999999914,1,1,1.0
1724168390867984400,1,500.21,604.41,198.75000000000006,24.350000000000023,1,2,1.0
1724168390867984400,9,528.42,627.17,22.180000000000064,24.230000000000018,1,1,1.0
1724168390931533700,1,504.49,604.79,196.89,22.82000000000005,1,2,1.0
1724168390931533700,9,528.21,627.78,27.49000000000001,22.290000000000077,1,1,1.0
1724168390993499900,1,506.29,605.83,195.25999999999993,22.17999999999995,1,2,1.0
1724168390993499900,9,524.12,628.35,30.840000000000032,22.610000000000014,1,1,1.0
1724168391053397700,1,510.18,605.47,188.06,23.399999999999977,1,2,1.0
1724168391053397700,9,525.21,630.8,29.49000000000001,20.800000000000068,1,1,1.0
1724168391117840100,1,506.86,606.65,196.67999999999995,21.480000000000018,1,2,1.0
1724168391117840100,9,525.15,630.1,30.639999999999986,21.159999999999968,1,1,1.0
1724168391185382800,1,506.86,606.65,196.67999999999995,23.649999999999977,1,2,1.0
1724168391185382800,9,525.41,630.68,30.300000000000068,23.590000000000032,1,1,1.0
1724168391251395700,1,506.28,605.88,195.99,24.019999999999982,1,2,1.0
1724168391251395700,9,531.0,630.23,26.49000000000001,22.16999999999996,1,1,1.0
1724168391325048000,1,508.0,607.22,187.60000000000002,22.299999999999955,1,2,1.0
1724168391325048000,9,532.9,629.9,26.409999999999968,21.700000000000045,1,1,1.0
1724168391374820400,1,509.83,608.28,192.96999999999997,24.980000000000018,1,2,1.0
1724168391374820400,9,532.67,634.44,24.350000000000023,18.25,1,1,1.0
1724168391439871900,1,507.25,608.36,192.35000000000002,24.799999999999955,1,2,1.0
1724168391439871900,9,534.4,634.17,25.110000000000014,18.430000000000064,1,1,1.0
1724168391512541700,1,509.3,608.38,195.62999999999994,23.440000000000055,1,2,1.0
1724168391512541700,9,535.5,634.39,22.5,18.710000000000036,1,1,1.0
1724168391572962600,1,507.59,608.76,190.29000000000002,23.519999999999982,1,2,1.0
1724168391572962600,9,534.8,632.78,27.83000000000004,22.220000000000027,1,1,1.0
1724168391637099200,1,509.97,610.66,193.17999999999995,20.629999999999995,1,2,1.0
1724168391637099200,9,539.3,637.66,19.600000000000023,17.340000000000032,1,1,1.0
1724168391697064700,1,509.86,615.6,194.47000000000003,18.480000000000018,1,2,1.0
1724168391697064700,9,537.1,635.19,26.319999999999936,21.909999999999968,1,1,1.0
1724168391765073600,1,510.66,613.6,187.68,20.309999999999945,1,2,1.0
1724168391765073600,9,542.0,635.02,20.899999999999977,24.480000000000018,1,1,1.0
1724168391825115900,1,510.44,607.4,187.85999999999996,28.920000000000073,1,2,1.0
1724168391883949300,1,508.7,615.2,191.50000000000006,21.799999999999955,1,2,1.0
1724168391883949300,10,528.3,637.59,10.710000000000036,10.009999999999991,1,1,1.0
1724168391950133300,1,509.3,614.7,189.40000000000003,19.59999999999991,1,2,1.0
1724168391950133300,10,529.9,635.37,27.730000000000018,13.029999999999973,1,1,1.0
1724168392015584200,1,511.58,616.0,181.52000000000004,17.860000000000014,1,2,1.0
1724168392015584200,10,528.1,634.63,29.139999999999986,14.870000000000005,1,1,1.0
1724168392080686600,1,507.62,614.9,185.77999999999997,19.200000000000045,1,2,1.0
1724168392080686600,10,529.6,635.43,26.899999999999977,15.370000000000005,1,1,1.0
1724168392080686600,11,593.63,628.93,22.269999999999982,11.970000000000027,1,1,1.0
1724168392162302600,1,509.55,615.0,183.55,18.700000000000045,1,2,1.0
1724168392162302600,10,531.2,634.02,27.50999999999999,19.379999999999995,1,1,1.0
1724168392162302600,11,585.6,628.5,37.10000000000002,12.799999999999955,1,1,1.0
1724168392203341000,1,505.9,614.5,185.42000000000007,19.210000000000036,1,2,1.0
1724168392203341000,10,526.4,633.79,32.460000000000036,19.31000000000006,1,1,1.0
1724168392203341000,11,595.4,628.9,34.89999999999998,14.399999999999977,1,1,1.0
1724168392272300900,1,507.7,615.2,182.55,18.99000000000001,1,2,1.0
1724168392272300900,10,532.4,632.93,30.230000000000018,20.57000000000005,1,1,1.0
1724168392272300900,11,600.99,628.3,37.90999999999997,18.0,1,1,1.0
1724168392332412300,1,504.9,613.4,184.27999999999997,18.0,1,2,1.0
1724168392332412300,10,534.1,631.42,32.75999999999999,21.180000000000064,1,1,1.0
1724168392332412300,11,600.19,629.9,38.50999999999999,15.0,1,1,1.0
1724168392399540100,1,506.1,613.5,183.44999999999993,20.299999999999955,1,2,1.0
1724168392399540100,10,531.3,631.33,40.379999999999995,19.370000000000005,1,1,1.0
1724168392399540100,11,601.59,628.5,43.309999999999945,18.200000000000045,1,1,1.0
1724168392469991200,1,505.7,613.8,183.79000000000002,20.5,1,2,1.0
1724168392469991200,10,532.8,631.28,46.680000000000064,18.32000000000005,1,1,1.0
1724168392469991200,11,609.99,630.5,45.710000000000036,17.399999999999977,1,1,1.0
1724168392526226700,1,502.3,614.3,184.89000000000004,19.920000000000073,1,2,1.0
1724168392526226700,10,531.9,631.96,51.02999999999997,20.539999999999964,1,1,1.0
1724168392526226700,11,600.0,630.7,58.299999999999955,19.199999999999932,1,1,1.0
1724168392587699000,1,502.0,613.5,184.39999999999998,21.100000000000023,1,2,1.0
1724168392587699000,10,530.9,633.23,54.97000000000003,17.269999999999982,1,1,1.0
1724168392587699000,11,613.84,630.17,49.15999999999997,19.530000000000086,1,1,1.0
1724168392653382100,1,506.7,616.0,185.8,19.0,1,2,1.0
1724168392653382100,10,532.3,632.57,55.379999999999995,16.029999999999973,1,1,1.0
1724168392653382100,11,619.99,629.74,49.809999999999945,22.460000000000036,1,1,1.0
1724168392717381200,1,509.8,616.2,183.58999999999997,15.599999999999909,1,2,1.0
1724168392717381200,10,533.0,632.3,57.200000000000045,18.90000000000009,1,1,1.0
1724168392717381200,11,621.73,629.24,51.069999999999936,19.059999999999945,1,1,1.0
1724168392780792300,1,509.1,616.8,188.98000000000002,16.100000000000023,1,2,1.0
1724168392780792300,10,532.3,633.59,55.700000000000045,20.309999999999945,1,1,1.0
1724168392780792300,11,617.88,628.3,57.82000000000005,21.100000000000023,1,1,1.0
1724168392844102800,1,508.6,615.5,187.14,18.879999999999995,1,2,1.0
1724168392844102800,10,534.9,632.47,64.63,21.529999999999973,1,1,1.0
1724168392844102800,11,627.54,630.38,46.66000000000008,18.120000000000005,1,1,1.0
1724168392908397600,1,511.3,616.1,184.99999999999994,17.949999999999932,1,2,1.0
1724168392908397600,10,543.02,629.17,58.450000000000045,27.200000000000045,1,1,1.0
1724168392908397600,11,631.0,632.3,44.75999999999999,17.700000000000045,1,1,1.0
1724168392977782500,1,509.76,615.1,181.74,18.049999999999955,1,2,1.0
1724168392977782500,10,543.3,630.22,63.770000000000095,23.079999999999927,1,1,1.0
1724168392977782500,11,633.86,632.08,38.74000000000001,15.620000000000005,1,1,1.0
1724168393038976900,1,507.74,615.6,186.46000000000004,18.730000000000018,1,2,1.0
1724168393038976900,10,545.2,628.85,61.889999999999986,23.75,1,1,1.0
1724168393038976900,11,647.7,634.88,31.299999999999955,9.019999999999982,1,1,1.0
1724168393114280900,1,509.87,616.1,183.52999999999997,19.840000000000032,1,2,1.0
1724168393114280900,10,554.6,628.95,63.299999999999955,27.34999999999991,1,1,1.0
1724168393114280900,11,656.7,633.2,21.59999999999991,11.199999999999932,1,1,1.0
1724168393164919200,1,505.8,615.3,184.39000000000004,22.670000000000073,1,2,1.0
1724168393164919200,10,559.3,629.39,59.700000000000045,27.409999999999968,1,1,1.0
1724168393164919200,11,664.51,632.75,13.090000000000032,11.200000000000045,1,1,1.0
1724168393239301700,1,510.8,615.9,180.2,15.170000000000073,1,2,1.0
1724168393239301700,10,560.7,629.3,67.93999999999994,19.5,1,1,1.0
1724168393297292400,1,506.4,615.5,185.79000000000008,18.539999999999964,1,2,1.0
1724168393297292400,10,561.5,629.49,73.35000000000002,17.909999999999968,1,1,1.0
1724168393361141600,1,506.7,614.0,184.95,20.029999999999973,1,2,1.0
1724168393361141600,10,569.8,628.66,74.54000000000008,17.639999999999986,1,1,1.0
1724168393423976900,1,504.8,614.1,186.67000000000002,20.110000000000014,1,2,1.0
1724168393423976900,10,585.34,628.71,68.05999999999995,18.089999999999918,1,1,1.0
1724168393488535000,1,506.4,614.5,184.39999999999998,18.440000000000055,1,2,1.0
1724168393488535000,10,588.1,628.55,72.79999999999995,19.65000000000009,1,1,1.0
1724168393569516100,1,503.1,615.0,189.20999999999992,17.389999999999986,1,2,1.0
1724168393569516100,10,600.49,631.46,64.50999999999999,19.139999999999986,1,1,1.0
1724168393619652900,1,504.4,612.9,190.14999999999998,21.840000000000032,1,2,1.0
1724168393619652900,10,606.48,632.74,60.22000000000003,17.159999999999968,1,1,1.0
1724168393686334300,1,504.1,614.6,186.81999999999994,17.959999999999923,1,2,1.0
1724168393686334300,10,600.9,632.52,67.39999999999998,19.480000000000018,1,1,1.0
1724168393739493100,1,503.6,613.5,187.53999999999996,19.350000000000023,1,2,1.0
1724168393739493100,10,612.25,633.94,55.450000000000045,16.659999999999968,1,1,1.0
1724168393805897200,1,503.1,612.4,188.26,20.74000000000001,1,2,1.0
1724168393805897200,10,631.27,630.97,37.629999999999995,19.730000000000018,1,1,1.0
1724168393870610200,1,502.6,612.95,188.97000000000003,20.479999999999905,1,2,1.0
1724168393870610200,10,633.22,631.07,35.48000000000002,21.92999999999995,1,1,1.0
1724168393944941900,1,502.1,613.5,189.68999999999994,20.220000000000027,1,2,1.0
1724168393944941900,10,632.54,629.89,36.56000000000006,21.110000000000014,1,1,1.0
1724168394000679100,1,501.6,612.1,190.40999999999997,21.909999999999968,1,2,1.0
1724168394000679100,10,640.52,629.02,27.680000000000064,21.480000000000018,1,1,1.0
1724168394067788300,1,502.4,610.5,190.51999999999998,23.25,1,2,1.0
1724168394067788300,10,645.03,633.53,21.970000000000027,16.769999999999982,1,1,1.0
1724168394124841200,1,502.8,611.3,189.00999999999993,23.110000000000014,1,2,1.0
1724168394124841200,10,647.97,635.09,20.230000000000018,14.009999999999991,1,1,1.0
1724168394195375700,1,500.2,611.3,189.8,23.480000000000018,1,2,1.0
1724168394195375700,10,643.81,634.92,21.49000000000001,13.480000000000018,1,1,1.0
1724168394255508700,1,503.57,610.2,190.51000000000005,23.629999999999995,1,2,1.0
1724168394330173700,1,501.26,609.2,193.93000000000006,22.329999999999927,1,2,1.0
1724168394387618600,1,499.4,607.8,197.37,26.450000000000045,1,2,1.0
1724168394445283100,1,499.6,608.3,191.89,26.360000000000014,1,2,1.0
1724168394588050400,1,495.8,607.2,196.94,27.589999999999918,1,2,1.0
1724168394638458500,1,496.6,608.9,195.07999999999993,25.120000000000005,1,2,1.0
1724168394656752400,1,496.4,607.5,196.86,25.529999999999973,1,2,1.0
1724168394704323000,1,498.9,608.4,196.80000000000007,24.350000000000023,1,2,1.0
1724168394766708400,1,495.1,606.9,200.25,25.00999999999999,1,2,1.0
1724168394833596500,1,493.1,608.1,199.37,23.43999999999994,1,2,1.0
1724168394933463800,1,494.2,608.2,199.24000000000007,23.659999999999968,1,2,1.0
1724168394960753900,1,488.55,605.3,205.89000000000004,28.350000000000023,1,2,1.0
1724168395021784100,1,489.3,605.7,205.04000000000002,25.92999999999995,1,2,1.0
1724168395086992200,1,489.4,605.8,203.87,26.610000000000014,1,2,1.0
1724168395153848700,1,493.1,606.8,201.19999999999993,25.5,1,2,1.0
1724168395214175900,1,493.64,607.1,202.06000000000006,26.399999999999977,1,2,1.0
1724168395214175900,12,536.11,633.29,9.289999999999964,7.660000000000082,1,1,1.0
1724168395292985200,1,490.25,606.1,204.45000000000005,25.799999999999955,1,2,1.0
1724168395292985200,12,540.57,633.29,13.629999999999995,10.009999999999991,1,1,1.0
1724168395351519500,1,493.18,606.0,202.21999999999997,23.700000000000045,1,2,1.0
1724168395351519500,12,539.2,632.36,18.019999999999982,10.93999999999994,1,1,1.0
1724168395412947000,1,489.5,607.6,207.0,22.299999999999955,1,2,1.0
1724168395412947000,12,541.6,631.58,23.059999999999945,14.620000000000005,1,1,1.0
1724168395494980800,1,496.7,606.1,199.7,24.299999999999955,1,2,1.0
1724168395494980800,12,539.9,629.53,38.29000000000008,20.269999999999982,1,1,1.0
1724168395536234100,1,495.42,607.3,201.59999999999997,21.75,1,2,1.0
1724168395536234100,12,538.2,629.19,41.6099999999999,23.409999999999968,1,1,1.0
1724168395603569700,1,489.0,606.16,206.35000000000002,22.660000000000082,1,2,1.0
1724168395603569700,12,541.85,628.15,56.60000000000002,19.450000000000045,1,1,1.0
1724168395676535000,1,488.3,605.2,206.61999999999995,24.129999999999995,1,2,1.0
1724168395676535000,12,543.5,627.56,56.59000000000003,21.940000000000055,1,1,1.0
1724168395730523200,1,492.9,608.6,205.63,19.559999999999945,1,2,1.0
1724168395730523200,12,542.9,627.6,58.07000000000005,23.399999999999977,1,1,1.0
1724168395844752200,1,488.0,606.1,209.63,23.25,1,2,1.0
1724168395844752200,12,536.3,623.75,64.86000000000001,28.25,1,1,1.0
1724168395903324200,1,488.1,604.9,209.90999999999997,22.600000000000023,1,2,1.0
1724168395903324200,12,556.9,625.24,44.940000000000055,27.17999999999995,1,1,1.0
1724168395966845500,1,488.2,605.7,210.39000000000004,21.389999999999986,1,2,1.0
1724168395966845500,12,559.3,625.02,49.41000000000008,26.58000000000004,1,1,1.0
1724168396030415300,1,488.2,604.9,209.43,22.0,1,2,1.0
1724168396030415300,12,556.8,624.86,56.29000000000008,24.24000000000001,1,1,1.0
1724168396091998100,1,488.1,604.2,210.27999999999997,22.75999999999999,1,2,1.0
1724168396091998100,12,558.2,624.79,67.63,21.910000000000082,1,1,1.0
1724168396155017300,1,484.8,603.7,214.64000000000004,26.67999999999995,1,2,1.0
1724168396155017300,12,559.2,625.45,65.88999999999999,18.049999999999955,1,1,1.0
1724168396210450500,1,484.5,600.9,214.02999999999997,27.850000000000023,1,2,1.0
1724168396210450500,12,573.0,623.4,57.14999999999998,19.200000000000045,1,1,1.0
1724168396267765600,1,484.9,601.8,211.70000000000005,26.470000000000027,1,2,1.0
1724168396267765600,12,592.43,623.46,41.270000000000095,20.539999999999964,1,1,1.0
1724168396320194800,1,480.4,597.1,214.27999999999997,32.26999999999998,1,2,1.0
1724168396320194800,12,605.66,631.88,33.440000000000055,11.919999999999959,1,1,1.0
1724168396373385500,1,480.3,597.3,216.40000000000003,31.32000000000005,1,2,1.0
1724168396373385500,12,616.62,633.81,37.27999999999997,10.490000000000009,1,1,1.0
1724168396435080300,1,480.6,597.1,218.27999999999997,33.01999999999998,1,2,1.0
1724168396435080300,12,633.02,632.3,30.379999999999995,15.900000000000091,1,1,1.0
1724168396495743100,1,474.7,592.9,218.65000000000003,37.75,1,2,1.0
1724168396495743100,12,640.68,632.77,17.82000000000005,11.029999999999973,1,1,1.0
1724168396561050900,1,475.2,593.7,217.95999999999998,36.02999999999997,1,2,1.0
1724168396561050900,12,645.32,633.69,18.479999999999905,13.1099999999999,1,1,1.0
1724168396620298500,1,474.1,591.0,218.99,38.39999999999998,1,2,1.0
1724168396696693700,1,470.7,591.1,224.41000000000003,38.10000000000002,1,2,1.0
1724168396754933100,1,471.6,590.1,225.79999999999995,40.629999999999995,1,2,1.0
1724168396820190100,1,470.3,590.0,225.02000000000004,40.5,1,2,1.0
1724168396881163700,1,460.7,583.1,236.07,48.789999999999964,1,2,1.0
1724168396881163700,13,553.73,621.4,26.860000000000014,9.82000000000005,1,1,1.0
1724168396948926700,1,468.11,588.78,227.22000000000003,42.10000000000002,1,2,1.0
1724168396948926700,13,568.64,624.18,15.56000000000006,7.720000000000027,1,1,1.0
1724168397005381200,1,470.0,590.2,227.26,41.01999999999998,1,2,1.0
1724168397005381200,13,573.5,624.35,24.74000000000001,10.649999999999977,1,1,1.0
1724168397076598500,1,472.85,590.3,224.93999999999994,40.82000000000005,1,2,1.0
1724168397076598500,13,561.36,623.14,41.74000000000001,12.06000000000006,1,1,1.0
1724168397142408200,1,474.6,592.0,222.95999999999992,38.629999999999995,1,2,1.0
1724168397142408200,13,556.51,620.5,52.690000000000055,21.809999999999945,1,1,1.0
1724168397206410400,1,473.0,591.3,227.22000000000003,39.270000000000095,1,2,1.0
1724168397206410400,13,578.27,620.3,63.129999999999995,24.0,1,1,1.0
1724168397275530800,1,473.8,592.1,225.35999999999996,35.73000000000002,1,2,1.0
1724168397275530800,13,557.91,621.7,66.59000000000003,24.199999999999932,1,1,1.0
1724168397327555100,1,475.0,592.4,224.51,36.889999999999986,1,2,1.0
1724168397327555100,13,586.28,621.78,46.42000000000007,24.720000000000027,1,1,1.0
1724168397403608900,1,474.2,590.4,226.17000000000002,37.440000000000055,1,2,1.0
1724168397403608900,13,583.86,622.26,63.039999999999964,24.539999999999964,1,1,1.0
1724168397468929000,1,473.0,593.3,230.41999999999996,34.74000000000001,1,2,1.0
1724168397468929000,13,594.84,621.25,61.370000000000005,24.870000000000005,1,1,1.0
1724168397533960000,1,474.2,593.1,231.14000000000004,34.20999999999992,1,2,1.0
1724168397533960000,13,599.61,620.72,64.88999999999999,23.379999999999995,1,1,1.0
1724168397591492900,1,478.2,594.5,224.88000000000005,32.379999999999995,1,2,1.0
1724168397591492900,13,600.45,622.77,73.25,22.730000000000018,1,1,1.0
1724168397661581000,1,472.3,594.0,231.52000000000004,32.15999999999997,1,2,1.0
1724168397661581000,13,621.2,625.6,53.389999999999986,18.399999999999977,1,1,1.0
1724168397715948600,1,471.23,592.47,229.81999999999994,34.32999999999993,1,2,1.0
1724168397715948600,13,638.17,626.0,42.430000000000064,16.529999999999973,1,1,1.0
1724168397777054800,1,474.44,596.38,227.85999999999996,29.370000000000005,1,2,1.0
1724168397777054800,13,645.3,625.96,35.700000000000045,15.240000000000009,1,1,1.0
1724168397844954200,1,484.18,600.09,220.43,25.719999999999914,1,2,1.0
1724168397844954200,13,654.84,627.0,25.959999999999923,12.700000000000045,1,1,1.0
1724168397904437500,1,486.1,601.66,219.03999999999996,25.660000000000082,1,2,1.0
1724168397904437500,13,664.55,627.69,19.050000000000068,8.009999999999991,1,1,1.0
1724168397963854800,1,485.8,600.78,222.08999999999997,22.660000000000082,1,2,1.0
1724168397963854800,13,672.87,628.91,10.230000000000018,7.090000000000032,1,1,1.0
1724168398031700100,1,491.1,599.4,215.77999999999997,24.519999999999982,1,2,1.0
1724168398101335600,1,489.0,602.83,217.87,21.279999999999973,1,2,1.0
1724168398159145200,1,489.0,599.3,217.82000000000005,24.780000000000086,1,2,1.0
1724168398221147500,1,475.9,598.03,230.10000000000002,26.25999999999999,1,2,1.0
1724168398287656500,1,476.3,593.0,231.89000000000004,34.08000000000004,1,2,1.0
1724168398354949600,1,476.0,594.6,234.60000000000002,31.50999999999999,1,2,1.0
1724168398413661700,1,471.0,592.1,239.58000000000004,34.59000000000003,1,2,1.0
1724168398478818100,1,482.0,597.6,230.76999999999998,28.590000000000032,1,2,1.0
1724168398541652700,1,472.7,591.7,239.46999999999997,33.50999999999999,1,2,1.0
1724168398603514400,1,472.5,593.7,239.67999999999995,32.319999999999936,1,2,1.0
1724168398671936500,1,472.8,591.0,233.43,35.91999999999996,1,2,1.0
1724168398740227300,1,474.31,593.25,235.19,35.450000000000045,1,2,1.0
1724168398798251700,1,474.85,593.29,237.44999999999993,35.00999999999999,1,2,1.0
1724168398866598500,1,474.59,593.58,236.23000000000008,32.69999999999993,1,2,1.0
1724168398925840700,1,473.77,595.14,238.76,30.32000000000005,1,2,1.0
1724168398998358600,1,477.96,595.27,232.20999999999998,30.389999999999986,1,2,1.0
1724168399069451000,1,475.75,593.55,240.98000000000002,30.350000000000023,1,2,1.0
1724168399118996600,1,478.96,593.57,234.33999999999997,29.879999999999995,1,2,1.0
1724168399193141000,1,477.58,593.86,230.68,31.110000000000014,1,2,1.0
1724168399253722500,1,476.23,592.5,225.89999999999998,32.57000000000005,1,2,1.0
1724168399311487400,1,466.62,586.97,231.60000000000002,41.75,1,2,1.0
1724168399376045000,1,473.13,591.07,225.87,37.08999999999992,1,2,1.0
1724168399440207200,1,471.08,587.58,225.20999999999998,39.819999999999936,1,2,1.0
1724168399515391000,1,471.42,587.26,226.47999999999996,38.440000000000055,1,2,1.0
1724168399567114700,1,468.1,586.5,230.29999999999995,41.60000000000002,1,2,1.0
1724168399628032800,1,468.94,587.19,229.45999999999998,41.20999999999992,1,2,1.0
1724168399695036400,1,469.75,587.58,229.54999999999995,41.819999999999936,1,2,1.0
1724168399757334300,1,475.22,590.64,224.07999999999993,38.56000000000006,1,2,1.0
1724168399835287200,1,476.34,591.34,222.38000000000005,37.469999999999914,1,2,1.0
1724168399884519300,1,475.7,590.7,224.76000000000005,38.18999999999994,1,2,1.0
1724168399957515200,1,473.2,590.0,222.59999999999997,38.039999999999964,1,2,1.0
1724168400014471100,1,478.5,592.8,221.34000000000003,36.32000000000005,1,2,1.0
1724168400079374400,1,476.58,593.74,224.82,34.52999999999997,1,2,1.0
1724168400140250000,1,476.21,594.94,224.89000000000004,32.50999999999999,1,2,1.0
1724168400204318200,1,480.0,594.47,218.33000000000004,33.75999999999999,1,2,1.0
1724168400271142900,1,473.84,594.55,222.48000000000008,34.56000000000006,1,2,1.0
1724168400331739100,1,478.28,595.24,223.02999999999997,32.879999999999995,1,2,1.0
1724168400398371900,1,477.23,596.85,222.41999999999996,31.269999999999982,1,2,1.0
1724168400461045100,1,475.15,595.68,230.05000000000007,31.690000000000055,1,2,1.0
1724168400527327600,1,479.89,595.22,221.21000000000004,32.39999999999998,1,2,1.0
1724168400592525300,1,474.11,591.17,224.60000000000002,37.47000000000003,1,2,1.0
1724168400652302300,1,472.0,592.09,226.76999999999998,37.370000000000005,1,2,1.0
1724168400718318900,1,473.52,590.17,226.44000000000005,39.91000000000008,1,2,1.0
1724168400784031800,1,474.22,587.48,220.98000000000002,42.059999999999945,1,2,1.0
1724168400850190800,1,473.4,588.75,221.80000000000007,42.110000000000014,1,2,1.0
1724168400921097900,1,465.6,586.7,232.69999999999993,43.039999999999964,1,2,1.0
1724168400980978500,1,466.2,586.42,230.21999999999997,45.530000000000086,1,2,1.0
1724168401039179000,1,470.0,588.07,223.20000000000005,40.989999999999895,1,2,1.0
1724168401102526100,1,469.9,587.6,229.72000000000003,42.75999999999999,1,2,1.0
1724168401173939400,1,469.1,586.7,228.79999999999995,42.99000000000001,1,2,1.0
1724168401230811200,1,474.41,591.86,221.78000000000003,38.25,1,2,1.0
1724168401297168000,1,474.95,590.81,220.65000000000003,38.73000000000002,1,2,1.0
1724168401358824700,1,472.16,591.13,227.82,37.48000000000002,1,2,1.0
1724168401422266900,1,476.8,591.35,225.07999999999998,38.32999999999993,1,2,1.0
1724168401485122200,1,475.49,591.62,224.43999999999994,37.620000000000005,1,2,1.0
1724168401560363400,1,470.54,590.1,230.62999999999994,38.77999999999997,1,2,1.0
1724168401615331300,1,474.15,590.88,224.89,35.82000000000005,1,2,1.0
1724168401690880000,1,474.43,593.61,224.07,34.49000000000001,1,2,1.0
1724168401747947400,1,475.67,592.97,223.50999999999993,32.82999999999993,1,2,1.0
1724168401806860500,1,476.38,593.65,224.49,33.65999999999997,1,2,1.0
1724168401869627700,1,475.57,593.47,224.13000000000005,34.379999999999995,1,2,1.0
1724168401938259700,1,476.79,592.28,220.11999999999995,36.120000000000005,1,2,1.0
1724168401938259700,14,528.1,633.15,22.600000000000023,13.75,1,1,1.0
1724168401999137600,1,476.48,592.18,222.11,37.180000000000064,1,2,1.0
1724168401999137600,14,528.2,634.1,28.74000000000001,12.5,1,1,1.0
1724168402068763600,1,473.85,591.39,223.90999999999997,38.33000000000004,1,2,1.0
1724168402068763600,14,528.12,633.56,32.710000000000036,13.740000000000009,1,1,1.0
1724168402125205600,1,470.1,588.0,229.19999999999993,41.299999999999955,1,2,1.0
1724168402125205600,14,530.7,633.5,37.1099999999999,16.600000000000023,1,1,1.0
1724168402193031800,1,471.17,588.77,226.12999999999994,41.889999999999986,1,2,1.0
1724168402193031800,14,533.2,632.4,43.76999999999998,16.700000000000045,1,1,1.0
1724168402258939500,1,473.41,591.19,222.08999999999997,38.50999999999999,1,2,1.0
1724168402258939500,14,535.2,633.3,47.25,17.200000000000045,1,1,1.0
1724168402326243700,1,475.26,590.5,220.39,39.129999999999995,1,2,1.0
1724168402326243700,14,541.86,633.0,46.91999999999996,18.5,1,1,1.0
1724168402381586200,1,475.37,590.8,219.07000000000005,40.25999999999999,1,2,1.0
1724168402381586200,14,545.0,634.57,49.17999999999995,17.329999999999927,1,1,1.0
1724168402460586700,1,474.65,590.55,222.31000000000006,39.690000000000055,1,2,1.0
1724168402460586700,14,556.47,632.69,43.73000000000002,15.6099999999999,1,1,1.0
1724168402528945700,1,474.52,591.32,222.68000000000006,38.989999999999895,1,2,1.0
1724168402528945700,14,560.9,634.66,40.48000000000002,14.240000000000009,1,1,1.0
1724168402597907100,1,481.71,592.21,211.58999999999997,38.889999999999986,1,2,1.0
1724168402597907100,14,563.7,633.26,45.139999999999986,18.139999999999986,1,1,1.0
1724168402641569100,1,475.82,593.28,221.68,36.75999999999999,1,2,1.0
1724168402641569100,14,564.5,631.98,52.639999999999986,19.91999999999996,1,1,1.0
1724168402709932200,1,474.0,591.7,220.76,38.09999999999991,1,2,1.0
1724168402709932200,14,564.46,631.37,58.33999999999992,21.33000000000004,1,1,1.0
1724168402773606700,1,474.28,592.55,224.32000000000005,37.58000000000004,1,2,1.0
1724168402773606700,14,565.36,630.89,66.43999999999994,24.00999999999999,1,1,1.0
1724168402848420600,1,475.48,592.51,219.41999999999996,37.10000000000002,1,2,1.0
1724168402848420600,14,582.53,628.77,55.07000000000005,22.83000000000004,1,1,1.0
1724168402909529100,1,474.93,594.34,221.96999999999997,35.65999999999997,1,2,1.0
1724168402909529100,14,585.5,629.99,49.60000000000002,24.710000000000036,1,1,1.0
1724168402975679200,1,474.63,595.37,221.35000000000002,31.879999999999995,1,2,1.0
1724168402975679200,14,582.6,631.8,57.17999999999995,23.74000000000001,1,1,1.0
1724168403032605400,1,480.44,597.71,215.76000000000005,32.58999999999992,1,2,1.0
1724168403032605400,14,584.17,632.09,65.13,24.409999999999968,1,1,1.0
1724168403097575800,1,485.41,599.46,208.71999999999997,27.309999999999945,1,2,1.0
1724168403097575800,14,584.93,630.45,70.2700000000001,24.84999999999991,1,1,1.0
1724168403156784100,1,484.88,599.33,213.91999999999996,28.25,1,2,1.0
1724168403156784100,14,588.24,631.56,72.46000000000004,24.940000000000055,1,1,1.0
1724168403228010300,1,484.9,601.28,216.0,24.56000000000006,1,2,1.0
1724168403228010300,14,598.69,631.95,66.90999999999997,23.75,1,1,1.0
1724168403293334900,1,490.64,601.74,208.96000000000004,25.120000000000005,1,2,1.0
1724168403293334900,14,598.33,634.08,67.06999999999994,22.620000000000005,1,1,1.0
1724168403352152900,1,485.39,602.17,212.01,26.030000000000086,1,2,1.0
1724168403352152900,14,600.3,636.0,65.35000000000002,19.659999999999968,1,1,1.0
1724168403407492500,1,489.69,604.6,208.81,22.360000000000014,1,2,1.0
1724168403407492500,14,608.7,635.5,59.44999999999993,18.83000000000004,1,1,1.0
1724168403476422800,1,491.13,604.6,210.57000000000005,22.5,1,2,1.0
1724168403476422800,14,624.07,636.93,47.229999999999905,16.470000000000027,1,1,1.0
1724168403553049700,1,487.62,604.07,213.48000000000002,23.449999999999932,1,2,1.0
1724168403553049700,14,626.63,637.53,43.26999999999998,16.470000000000027,1,1,1.0
1724168403597783800,1,487.62,604.43,213.88,24.470000000000027,1,2,1.0
1724168403597783800,14,633.39,634.0,34.40999999999997,18.799999999999955,1,1,1.0
1724168403662166700,1,489.66,604.43,204.04000000000002,25.220000000000027,1,2,1.0
1724168403662166700,14,640.7,634.66,27.699999999999932,16.639999999999986,1,1,1.0
1724168403726497800,1,489.3,604.24,203.90000000000003,25.75999999999999,1,2,1.0
1724168403726497800,14,643.68,636.06,24.120000000000005,16.1400000000001,1,1,1.0
1724168403793610200,1,492.4,606.3,204.89999999999998,27.5,1,2,1.0
1724168403793610200,14,643.57,636.44,24.329999999999927,19.659999999999968,1,1,1.0
1724168403861252100,1,494.35,606.94,201.85000000000002,24.959999999999923,1,2,1.0
1724168403861252100,14,646.76,638.4,19.24000000000001,13.800000000000068,1,1,1.0
1724168403929960400,1,492.8,606.38,203.19,25.83000000000004,1,2,1.0
1724168404039376700,1,494.22,607.78,202.73000000000002,24.480000000000018,1,2,1.0
1724168404096154800,1,496.5,608.49,198.40999999999997,23.74000000000001,1,2,1.0
1724168404159031400,1,499.45,608.6,195.65000000000003,24.029999999999973,1,2,1.0
1724168404212965700,1,494.7,608.33,199.40000000000003,26.059999999999945,1,2,1.0
1724168404265324600,1,497.59,608.87,196.71999999999997,25.75999999999999,1,2,1.0
1724168404316817000,1,498.89,611.2,195.85000000000002,23.5,1,2,1.0
1724168404385445000,1,496.94,609.8,195.75000000000006,22.770000000000095,1,2,1.0
1724168404436662400,1,493.56,610.2,197.61999999999995,23.43999999999994,1,2,1.0
1724168404492722700,1,491.61,610.6,199.68999999999994,22.5,1,2,1.0
1724168404563365000,1,497.6,611.4,197.89999999999998,23.0,1,2,1.0
1724168404628241400,1,497.1,608.26,197.07999999999993,26.639999999999986,1,2,1.0
1724168404688726800,1,496.7,611.0,196.42000000000002,22.92999999999995,1,2,1.0
1724168404755154400,1,498.01,610.7,193.91999999999996,24.59999999999991,1,2,1.0
1724168404834170900,1,497.06,612.7,192.53000000000003,22.1099999999999,1,2,1.0
1724168404900099100,1,500.6,611.0,192.24,23.220000000000027,1,2,1.0
1724168404953557600,1,497.04,610.42,195.36999999999995,24.420000000000073,1,2,1.0
1724168405025720500,1,495.53,609.43,196.94000000000005,27.010000000000105,1,2,1.0
1724168405092774600,1,497.68,610.82,193.42000000000002,25.6099999999999,1,2,1.0
1724168405150663500,1,496.4,611.0,193.01999999999998,24.720000000000027,1,2,1.0
1724168405212157300,1,500.48,611.55,191.81999999999994,24.350000000000023,1,2,1.0
1724168405276303000,1,497.59,610.1,193.07,26.24000000000001,1,2,1.0
1724168405337618800,1,497.91,612.09,191.19,24.600000000000023,1,2,1.0
1724168405397789100,1,500.0,611.79,188.29999999999995,24.940000000000055,1,2,1.0
1724168405470355200,1,499.4,612.2,191.5,23.699999999999932,1,2,1.0
1724168405519975200,1,498.0,611.9,191.89999999999998,24.100000000000023,1,2,1.0
1724168405591820900,1,505.4,614.3,184.0,21.700000000000045,1,2,1.0
1724168405649802700,1,501.8,613.4,186.14000000000004,22.74000000000001,1,2,1.0
1724168405720395600,1,499.87,612.92,187.52999999999997,24.600000000000023,1,2,1.0
1724168405775146400,1,497.66,612.8,192.93,26.90000000000009,1,2,1.0
1724168405837930500,1,494.75,609.71,195.14999999999998,29.00999999999999,1,2,1.0
1724168405907683300,1,492.76,611.2,197.07000000000005,26.469999999999914,1,2,1.0
1724168405966114600,1,493.27,611.8,198.0,25.460000000000036,1,2,1.0
1724168406027391800,1,496.8,611.8,194.20999999999998,25.5,1,2,1.0
1724168406093894500,1,496.2,611.03,196.00000000000006,26.269999999999982,1,2,1.0
1724168406158156500,1,494.67,611.44,197.93,25.25999999999999,1,2,1.0
1724168406227113900,1,492.7,610.2,193.7,26.09999999999991,1,2,1.0
1724168406289587000,1,491.85,611.52,196.31999999999994,24.58000000000004,1,2,1.0
1724168406351798100,1,496.04,612.29,191.16000000000003,24.50999999999999,1,2,1.0
1724168406416107800,1,496.2,610.67,190.58999999999997,27.590000000000032,1,2,1.0
1724168406479406500,1,500.5,611.82,187.84000000000003,25.339999999999918,1,2,1.0
1724168406550173800,1,497.28,610.72,191.10000000000002,26.379999999999995,1,2,1.0
1724168406616091800,1,503.0,614.5,186.60000000000002,24.399999999999977,1,2,1.0
1724168406687728100,1,503.3,613.47,186.90000000000003,26.92999999999995,1,2,1.0
1724168406747084100,1,496.54,612.47,191.78000000000003,23.600000000000023,1,2,1.0
1724168406803344200,1,497.09,612.03,190.76000000000005,25.629999999999995,1,2,1.0
1724168406868920000,1,498.4,612.87,191.52999999999997,22.450000000000045,1,2,1.0
1724168406925337000,1,500.07,613.42,189.66000000000003,23.700000000000045,1,2,1.0
1724168406995065100,1,501.13,613.75,187.13,22.58000000000004,1,2,1.0
1724168407056469400,1,498.9,610.57,190.80000000000007,25.729999999999905,1,2,1.0
1724168407120110600,1,498.9,614.1,191.19000000000005,24.199999999999932,1,2,1.0
1724168407180868300,1,496.4,611.28,191.43000000000006,27.920000000000073,1,2,1.0
1724168407247931800,1,493.9,608.35,194.60000000000002,29.129999999999995,1,2,1.0
1724168407317101500,1,496.39,612.1,191.90999999999997,26.319999999999936,1,2,1.0
1724168407377603700,1,494.7,611.5,191.50000000000006,26.269999999999982,1,2,1.0
1724168407438173300,1,499.7,612.0,192.55,25.769999999999982,1,2,1.0
1724168407513160700,1,499.8,613.9,192.2,22.710000000000036,1,2,1.0
1724168407571513800,1,499.56,614.8,194.73999999999995,21.1400000000001,1,2,1.0
1724168407632154400,1,501.2,613.4,193.26000000000005,21.909999999999968,1,2,1.0
1724168407695133700,1,502.2,611.93,194.2,24.510000000000105,1,2,1.0
1724168407757649900,1,499.0,609.7,197.20000000000005,25.370000000000005,1,2,1.0
1724168407822381200,1,492.1,609.7,199.22000000000003,26.649999999999977,1,2,1.0
1724168407885350000,1,494.12,610.03,199.77999999999997,25.220000000000027,1,2,1.0
1724168407951383200,1,493.94,608.68,197.26000000000005,26.350000000000023,1,2,1.0
1724168408013872900,1,492.83,609.25,196.75000000000006,24.42999999999995,1,2,1.0
1724168408077639000,1,493.6,605.7,196.19999999999993,28.629999999999995,1,2,1.0
1724168408144415400,1,496.54,609.04,192.95,25.06000000000006,1,2,1.0
1724168408205546800,1,496.1,609.79,195.29999999999995,23.410000000000082,1,2,1.0
1724168408274604200,1,493.3,608.76,197.71999999999997,24.970000000000027,1,2,1.0
1724168408339528100,1,493.6,608.85,199.37,25.799999999999955,1,2,1.0
1724168408401465000,1,497.75,608.68,194.88,24.720000000000027,1,2,1.0
1724168408481943200,1,493.7,608.68,198.93,24.720000000000027,1,2,1.0
1724168408551626300,1,493.8,607.62,200.2,25.710000000000036,1,2,1.0
1724168408611760100,1,495.2,606.3,203.2,28.5,1,2,1.0
1724168408661627300,1,493.68,604.8,203.98999999999995,27.06000000000006,1,2,1.0
1724168408735112900,1,496.43,606.7,197.67000000000002,24.789999999999964,1,2,1.0
1724168408788015500,1,489.7,605.4,205.8,25.600000000000023,1,2,1.0
1724168408844795100,1,494.8,605.01,199.3,25.889999999999986,1,2,1.0
1724168408908176100,1,490.01,604.75,206.81000000000006,25.470000000000027,1,2,1.0
1724168408975657000,1,491.0,604.02,208.29999999999995,26.129999999999995,1,2,1.0
1724168409038283900,1,489.7,602.9,208.29000000000002,26.470000000000027,1,2,1.0
1724168409108985000,1,488.8,601.4,212.48999999999995,27.200000000000045,1,2,1.0
1724168409170244700,1,489.46,603.6,211.96999999999997,22.600000000000023,1,2,1.0
1724168409237104100,1,488.3,602.6,215.95999999999998,23.449999999999932,1,2,1.0
1724168409319950200,1,490.87,600.9,211.01,24.519999999999982,1,2,1.0
1724168409363401100,1,485.56,599.9,219.11999999999995,25.56000000000006,1,2,1.0
1724168409422440900,1,489.35,600.25,216.72000000000003,24.090000000000032,1,2,1.0
1724168409485914400,1,486.97,599.79,216.56999999999994,24.31000000000006,1,2,1.0
1724168409550509700,1,485.4,599.3,224.19000000000005,25.350000000000023,1,2,1.0
1724168409618482600,1,483.8,599.59,223.64000000000004,22.589999999999918,1,2,1.0
1724168409678043400,1,482.5,598.11,229.15999999999997,24.210000000000036,1,2,1.0
1724168409743294700,1,483.6,598.04,227.69999999999993,23.710000000000036,1,2,1.0
1724168409806601000,1,479.05,595.35,228.78000000000003,25.75,1,2,1.0
1724168409876062000,1,478.85,595.1,230.68999999999994,25.529999999999973,1,2,1.0
1724168409936073800,1,479.82,593.82,230.21999999999997,25.739999999999895,1,2,1.0
1724168410006134400,1,475.4,592.9,236.0,24.180000000000064,1,2,1.0
1724168410062904300,1,476.43,592.7,236.97999999999996,23.309999999999945,1,2,1.0
1724168410125167100,1,476.2,592.0,237.05,22.83000000000004,1,2,1.0
1724168410191418300,1,482.4,590.26,233.99,25.56000000000006,1,2,1.0
1724168410256490400,1,476.98,590.09,241.67999999999995,23.50999999999999,1,2,1.0
1724168410320333600,1,476.02,586.49,241.06000000000006,26.559999999999945,1,2,1.0
1724168410393201600,1,470.5,589.8,245.34000000000003,24.40000000000009,1,2,1.0
1724168410460827900,1,470.67,585.78,251.38999999999993,25.430000000000064,1,2,1.0
1724168410530673700,1,470.26,585.78,252.86,25.790000000000077,1,2,1.0
1724168410589579900,1,469.69,584.85,255.05,25.149999999999977,1,2,1.0
1724168410640832300,1,466.28,584.7,260.28,22.09999999999991,1,2,1.0
1724168410707482000,1,467.2,582.7,258.85999999999996,23.399999999999977,1,2,1.0
1724168410784476100,1,467.2,581.64,258.85999999999996,25.99000000000001,1,2,1.0
1724168410828498600,1,463.3,579.99,264.06,24.059999999999945,1,2,1.0
1724168410891874200,1,461.2,579.99,271.09999999999997,24.059999999999945,1,2,1.0
1724168410957024200,1,460.82,578.69,268.18,24.809999999999945,1,2,1.0
1724168411020695800,1,462.2,578.1,271.25000000000006,24.600000000000023,1,2,1.0
1724168411092568200,1,463.88,576.7,266.91999999999996,23.649999999999977,1,2,1.0
1724168411149308700,1,457.6,576.2,274.86,24.519999999999982,1,2,1.0
1724168411213017300,1,464.2,575.4,272.63000000000005,23.460000000000036,1,2,1.0
1724168411283068300,1,458.2,574.92,278.2,24.040000000000077,1,2,1.0
1724168411347562900,1,461.0,573.93,283.4,23.379999999999995,1,2,1.0
1724168411408803200,1,465.88,573.6,277.67999999999995,20.17999999999995,1,2,1.0
1724168411471340000,1,469.0,572.87,278.65999999999997,22.16999999999996,1,2,1.0
1724168411532885900,1,457.0,570.54,288.39,21.660000000000082,1,2,1.0
1724168411596474600,1,452.03,571.3,295.57000000000005,20.300000000000068,1,2,1.0
1724168411666450500,1,452.8,568.9,292.25999999999993,23.120000000000005,1,2,1.0
1724168411731413900,1,447.1,565.85,295.05999999999995,26.129999999999995,1,2,1.0
1724168411798430200,1,448.5,566.5,296.5,25.200000000000045,1,2,1.0
1724168411853460500,1,447.8,564.02,297.40000000000003,26.350000000000023,1,2,1.0
1724168411918098200,1,451.4,566.6,292.80000000000007,24.42999999999995,1,2,1.0
1724168411985518500,1,451.09,567.2,294.32,25.229999999999905,1,2,1.0
1724168412046145400,1,450.25,563.75,294.45000000000005,26.25,1,2,1.0
1724168412112518800,1,451.85,564.55,295.15,28.550000000000068,1,2,1.0
1724168412175423500,1,450.17,564.01,296.45,24.700000000000045,1,2,1.0
1724168412238290800,1,449.23,564.47,296.97,26.350000000000023,1,2,1.0
1724168412306399300,1,451.23,563.98,297.47,23.590000000000032,1,2,1.0
1724168412367847600,1,450.02,563.31,297.19000000000005,27.840000000000032,1,2,1.0
1724168412430179600,1,453.34,562.92,297.16,28.470000000000027,1,2,1.0
1724168412501703400,1,448.15,560.39,298.5,33.06000000000006,1,2,1.0
1724168412559995900,1,448.36,559.77,302.03999999999996,32.460000000000036,1,2,1.0
1724168412621039300,1,449.03,558.28,299.6,36.42000000000007,1,2,1.0
1724168412687713000,1,446.85,558.47,306.14,34.629999999999995,1,2,1.0
1724168412751258300,1,447.96,558.17,305.01000000000005,33.83000000000004,1,2,1.0
1724168412815699800,1,446.99,559.26,300.11,33.24000000000001,1,2,1.0
1724168412885067300,1,446.2,557.2,306.03000000000003,37.19999999999993,1,2,1.0
1724168412955088600,1,445.31,559.12,306.79,32.67999999999995,1,2,1.0
1724168413016054100,1,450.52,556.21,299.06000000000006,36.58999999999992,1,2,1.0
1724168413074716400,1,448.42,555.63,299.35999999999996,35.26999999999998,1,2,1.0
1724168413133163900,1,447.09,558.66,304.62000000000006,31.24000000000001,1,2,1.0
1724168413202853600,1,447.68,554.46,306.27000000000004,34.33999999999992,1,2,1.0
1724168413269230700,1,444.58,554.75,307.74000000000007,33.41999999999996,1,2,1.0
1724168413325731700,1,447.29,553.78,305.96,35.25999999999999,1,2,1.0
1724168413400300900,1,446.72,554.08,307.28,34.25,1,2,1.0
1724168413460786900,1,445.81,553.95,305.96,37.75,1,2,1.0
