1,1,451.1,573.0,258.28999999999996,51.129999999999995,1,2,1.0
2,1,452.0,576.2,257.82000000000005,47.620000000000005,1,2,1.0
3,1,451.2,575.1,257.85999999999996,47.870000000000005,1,2,1.0
4,1,451.72,571.07,257.24,52.77999999999997,1,2,1.0
5,1,453.3,574.5,255.19,48.01999999999998,1,2,1.0
6,1,450.5,573.4,257.76,49.42000000000007,1,2,1.0
7,1,452.9,574.2,255.54000000000008,48.620000000000005,1,2,1.0
8,1,453.7,571.8,253.28000000000003,50.23000000000002,1,2,1.0
9,1,453.39,568.59,255.01,53.01999999999998,1,2,1.0
10,1,448.3,571.0,261.82,50.16999999999996,1,2,1.0
11,1,452.1,572.4,258.01,49.81000000000006,1,2,1.0
12,1,448.8,570.1,260.99999999999994,51.75,1,2,1.0
13,1,453.04,569.68,255.97999999999996,51.010000000000105,1,2,1.0
14,1,451.6,571.9,257.55999999999995,48.54000000000008,1,2,1.0
15,1,446.7,572.3,261.09999999999997,45.5,1,2,1.0
16,1,450.7,570.8,259.7,48.200000000000045,1,2,1.0
17,1,448.93,565.94,262.07,51.559999999999945,1,2,1.0
18,1,446.0,568.4,267.0,48.80000000000007,1,2,1.0
19,1,449.77,568.8,259.39,51.41000000000008,1,2,1.0
20,1,442.95,568.0,268.45,48.5,1,2,1.0
21,1,448.5,568.4,263.79999999999995,48.5,1,2,1.0
22,1,450.04,570.2,260.82,48.92999999999995,1,2,1.0
23,1,446.72,568.1,267.5799999999999,49.39999999999998,1,2,1.0
24,1,441.7,567.0,273.8,47.0,1,2,1.0
25,1,443.3,566.8,273.2,49.10000000000002,1,2,1.0
26,1,446.2,567.1,268.7,48.39999999999998,1,2,1.0
27,1,446.8,567.9,269.09999999999997,48.10000000000002,1,2,1.0
28,1,439.5,567.3,278.79999999999995,49.80000000000007,1,2,1.0
29,1,443.7,563.7,274.59999999999997,52.69999999999993,1,2,1.0
30,1,445.3,565.2,270.8,50.09999999999991,1,2,1.0
31,1,445.4,565.9,271.5,49.89999999999998,1,2,1.0
32,1,442.5,566.6,272.4,49.5,1,2,1.0
33,1,439.4,563.7,275.5,52.59999999999991,1,2,1.0
34,1,458.7,571.0,258.3,44.0,1,2,1.0
35,1,441.5,564.6,273.29999999999995,50.69999999999993,1,2,1.0
36,1,440.5,561.74,273.4,53.460000000000036,1,2,1.0
37,1,439.7,564.2,275.40000000000003,49.09999999999991,1,2,1.0
38,1,447.0,567.5,269.4,48.39999999999998,1,2,1.0
39,1,445.6,566.7,270.59000000000003,49.889999999999986,1,2,1.0
40,1,446.9,567.4,270.05000000000007,48.52999999999997,1,2,1.0
41,1,446.5,567.1,270.04999999999995,48.75999999999999,1,2,1.0
42,1,446.9,567.1,269.32000000000005,49.19999999999993,1,2,1.0
43,1,445.2,567.6,272.07,47.70999999999992,1,2,1.0
44,1,438.0,562.8,279.1,52.280000000000086,1,2,1.0
45,1,436.8,563.0,281.67,49.690000000000055,1,2,1.0
46,1,435.0,562.2,283.46000000000004,50.92999999999995,1,2,1.0
47,1,435.7,560.9,283.58,51.190000000000055,1,2,1.0
48,1,437.8,562.3,282.81,50.82000000000005,1,2,1.0
49,1,435.6,560.0,283.76,52.059999999999945,1,2,1.0
50,1,435.9,559.8,283.23,52.85000000000002,1,2,1.0
51,1,429.6,553.5,291.31999999999994,59.0,1,2,1.0
52,1,428.83,553.27,291.96999999999997,59.35000000000002,1,2,1.0
53,1,428.08,553.38,290.79,59.0,1,2,1.0
54,1,435.57,558.9,285.12000000000006,52.67000000000007,1,2,1.0
55,1,437.58,560.7,282.40000000000003,51.1099999999999,1,2,1.0
56,1,445.8,564.4,275.45,47.15999999999997,1,2,1.0
57,1,432.0,557.5,290.34000000000003,54.460000000000036,1,2,1.0
58,1,435.7,556.6,288.09999999999997,54.92999999999995,1,2,1.0
59,1,441.2,566.2,281.59,44.42999999999995,1,2,1.0
60,1,442.5,565.4,280.73,45.74000000000001,1,2,1.0
61,1,442.8,565.4,280.03000000000003,45.930000000000064,1,2,1.0
62,1,446.3,565.5,277.95,45.700000000000045,1,2,1.0
63,1,443.9,565.5,273.9,44.299999999999955,1,2,1.0
64,1,451.6,572.3,269.9,36.60000000000002,1,2,1.0
65,1,451.0,573.8,272.0,35.80000000000007,1,2,1.0
66,1,453.9,573.8,265.80000000000007,34.90000000000009,1,2,1.0
67,1,454.3,574.2,269.99999999999994,36.299999999999955,1,2,1.0
68,1,454.7,576.1,267.2,34.19999999999993,1,2,1.0
69,1,455.4,577.2,266.70000000000005,33.0,1,2,1.0
70,1,457.8,581.5,266.8,29.899999999999977,1,2,1.0
71,1,457.3,579.5,265.99999999999994,34.10000000000002,1,2,1.0
72,1,458.6,578.1,260.4,36.299999999999955,1,2,1.0
73,1,460.0,578.5,258.6,36.0,1,2,1.0
74,1,460.7,579.4,257.59999999999997,34.700000000000045,1,2,1.0
75,1,462.5,580.9,256.1,34.39999999999998,1,2,1.0
76,1,464.4,581.7,254.0,35.09999999999991,1,2,1.0
77,1,468.2,586.2,247.59999999999997,31.0,1,2,1.0
78,1,467.8,586.5,248.49999999999994,32.299999999999955,1,2,1.0
79,1,466.42,584.4,249.87999999999994,35.60000000000002,1,2,1.0
80,1,467.1,587.3,246.5,31.200000000000045,1,2,1.0
81,1,469.8,588.0,242.59999999999997,31.200000000000045,1,2,1.0
82,1,473.2,591.2,235.7,30.199999999999932,1,2,1.0
83,1,476.3,591.4,231.59999999999997,29.5,1,2,1.0
84,1,473.7,593.5,233.8,27.899999999999977,1,2,1.0
85,1,478.6,595.4,228.29999999999995,27.399999999999977,1,2,1.0
86,1,482.3,596.2,222.7,28.5,1,2,1.0
87,1,484.6,596.3,220.5,30.300000000000068,1,2,1.0
88,1,478.1,595.3,226.79999999999995,32.700000000000045,1,2,1.0
89,1,479.7,596.1,221.8,33.19999999999993,1,2,1.0
90,1,484.2,598.8,214.40000000000003,31.300000000000068,1,2,1.0
91,1,484.0,598.1,216.39999999999998,32.799999999999955,1,2,1.0
92,1,482.3,599.9,216.8,32.0,1,2,1.0
93,1,483.1,601.5,216.29999999999995,31.0,1,2,1.0
94,1,488.5,604.7,207.0,28.699999999999932,1,2,1.0
95,1,486.8,605.5,206.99999999999994,34.33000000000004,1,2,1.0
96,1,490.6,605.1,201.0,31.799999999999955,1,2,1.0
97,1,491.7,607.9,198.8,30.200000000000045,1,2,1.0
98,1,489.9,608.5,200.30000000000007,31.100000000000023,1,2,1.0
99,1,496.6,607.8,193.19999999999993,34.10000000000002,1,2,1.0
100,1,495.0,608.8,196.29999999999995,29.800000000000068,1,2,1.0
101,1,492.9,609.0,194.30000000000007,30.899999999999977,1,2,1.0
102,1,491.5,610.0,193.70000000000005,31.5,1,2,1.0
103,1,496.4,610.6,187.70000000000005,33.19999999999993,1,2,1.0
104,1,499.4,614.7,183.70000000000005,28.899999999999977,1,2,1.0
105,1,497.91,610.21,182.29000000000002,37.18999999999994,1,2,1.0
106,1,497.14,611.48,182.06000000000006,35.72000000000003,1,2,1.0
107,1,497.38,611.41,183.91999999999996,36.49000000000001,1,2,1.0
108,1,498.67,611.8,179.62999999999994,35.10000000000002,1,2,1.0
109,1,499.64,611.71,177.56000000000006,36.289999999999964,1,2,1.0
110,1,500.58,612.22,177.92000000000002,34.879999999999995,1,2,1.0
111,1,492.41,608.25,186.29000000000002,40.75,1,2,1.0
112,1,492.23,607.54,187.37,40.460000000000036,1,2,1.0
113,1,489.41,607.02,191.08999999999997,41.77999999999997,1,2,1.0
114,1,493.67,608.12,185.32999999999998,40.67999999999995,1,2,1.0
115,1,492.05,607.12,187.24999999999994,43.98000000000002,1,2,1.0
116,1,489.08,605.95,188.62000000000006,41.94999999999993,1,2,1.0
117,1,489.0,605.54,189.39999999999998,42.56000000000006,1,2,1.0
118,1,490.18,604.28,188.21999999999997,45.01999999999998,1,2,1.0
119,1,492.47,604.92,188.82999999999993,42.879999999999995,1,2,1.0
120,1,487.76,603.79,192.14,45.110000000000014,1,2,1.0
121,1,493.6,610.7,191.0,33.89999999999998,1,2,1.0
122,1,490.9,606.7,194.60000000000002,38.799999999999955,1,2,1.0
123,1,490.1,609.7,196.39999999999998,36.89999999999998,1,2,1.0
124,1,489.8,607.6,197.49999999999994,36.19999999999993,1,2,1.0
125,1,492.6,609.2,191.79999999999995,32.19999999999993,1,2,1.0
126,1,489.1,606.9,197.29999999999995,34.5,1,2,1.0
127,1,495.3,608.2,192.40000000000003,33.299999999999955,1,2,1.0
128,1,493.5,607.5,195.89999999999998,34.700000000000045,1,2,1.0
129,1,498.1,613.6,191.79999999999995,27.299999999999955,1,2,1.0
130,1,502.1,613.3,190.39999999999998,25.100000000000023,1,2,1.0
131,1,499.2,610.1,192.59999999999997,30.100000000000023,1,2,1.0
132,1,502.2,613.8,190.00000000000006,23.700000000000045,1,2,1.0
133,1,503.4,616.4,185.10000000000002,23.0,1,2,1.0
134,1,500.2,611.8,194.99000000000007,26.0,1,2,1.0
135,1,495.6,612.8,199.68999999999994,26.0,1,2,1.0
136,1,496.2,611.8,199.7,26.700000000000045,1,2,1.0
137,1,496.6,613.0,199.69999999999993,25.700000000000045,1,2,1.0
138,1,497.4,611.5,197.0,28.799999999999955,1,2,1.0
139,1,496.5,610.4,199.60000000000002,32.0,1,2,1.0
140,1,501.1,612.1,193.0,26.399999999999977,1,2,1.0
141,1,491.2,607.2,207.40000000000003,31.899999999999977,1,2,1.0
142,1,505.0,610.2,189.5,29.899999999999977,1,2,1.0
143,1,497.2,609.9,194.50000000000006,30.700000000000045,1,2,1.0
144,1,496.2,608.9,192.59999999999997,30.399999999999977,1,2,1.0
145,1,494.36,608.5,197.34000000000003,31.100000000000023,1,2,1.0
146,1,493.79,609.2,197.10999999999996,29.799999999999955,1,2,1.0
147,1,495.22,609.8,194.67999999999995,28.600000000000023,1,2,1.0
148,1,494.25,609.9,199.64999999999998,30.200000000000045,1,2,1.0
149,1,489.38,608.9,205.12,29.5,1,2,1.0
150,1,488.03,606.2,202.67000000000007,31.09999999999991,1,2,1.0
151,1,490.3,607.5,201.59999999999997,31.899999999999977,1,2,1.0
152,1,494.1,609.4,198.69999999999993,27.0,1,2,1.0
153,1,488.6,606.1,206.10000000000002,28.699999999999932,1,2,1.0
154,1,493.4,606.9,198.70000000000005,28.399999999999977,1,2,1.0
155,1,495.4,608.1,199.70000000000005,27.600000000000023,1,2,1.0
156,1,491.5,606.4,202.60000000000002,29.200000000000045,1,2,1.0
157,1,492.7,606.4,197.59999999999997,28.100000000000023,1,2,1.0
158,1,493.4,605.3,205.0,28.90000000000009,1,2,1.0
159,1,476.3,595.9,218.90000000000003,39.30000000000007,1,2,1.0
160,1,484.9,601.4,210.89999999999998,32.700000000000045,1,2,1.0
161,1,487.1,602.5,206.39999999999998,32.200000000000045,1,2,1.0
162,1,489.6,601.9,205.5,34.30000000000007,1,2,1.0
163,1,491.8,604.6,204.2,32.10000000000002,1,2,1.0
164,1,486.7,602.7,208.2,32.09999999999991,1,2,1.0
165,1,488.6,604.2,209.60000000000002,30.899999999999977,1,2,1.0
166,1,492.9,605.8,203.89999999999998,27.800000000000068,1,2,1.0
167,1,477.78,592.98,219.12,42.319999999999936,1,2,1.0
168,1,479.1,593.7,217.39999999999998,41.59999999999991,1,2,1.0
169,1,477.4,594.1,217.5,42.69999999999993,1,2,1.0
170,1,476.4,593.3,219.20000000000005,43.80000000000007,1,2,1.0
171,1,483.1,597.1,211.19999999999993,40.69999999999993,1,2,1.0
172,1,482.6,596.1,211.69999999999993,40.299999999999955,1,2,1.0
173,1,480.8,593.4,212.59999999999997,43.5,1,2,1.0
174,1,479.7,592.3,214.59999999999997,43.200000000000045,1,2,1.0
175,1,483.63,592.97,210.97000000000003,43.73000000000002,1,2,1.0
176,1,482.18,591.76,210.61999999999995,45.34000000000003,1,2,1.0
177,1,485.09,593.67,209.41000000000003,41.23000000000002,1,2,1.0
178,1,485.51,593.82,204.83000000000004,44.57999999999993,1,2,1.0
179,1,486.3,599.0,206.09999999999997,35.299999999999955,1,2,1.0
180,1,484.1,594.6,207.55999999999995,49.27999999999997,1,2,1.0
181,1,482.3,595.6,210.8,39.19999999999993,1,2,1.0
182,1,482.8,594.7,210.49999999999994,41.59999999999991,1,2,1.0
183,1,485.5,594.2,207.39999999999998,41.39999999999998,1,2,1.0
184,1,488.4,593.6,203.60000000000002,41.10000000000002,1,2,1.0
185,1,481.8,601.6,211.90000000000003,35.0,1,2,1.0
186,1,486.55,591.02,207.45,45.27999999999997,1,2,1.0
187,1,486.2,590.8,208.3,46.0,1,2,1.0
188,1,486.96,591.86,207.24000000000007,43.639999999999986,1,2,1.0
189,1,487.0,590.03,206.29999999999995,45.47000000000003,1,2,1.0
190,1,487.3,594.1,204.8,39.5,1,2,1.0
191,1,484.77,593.7,207.93000000000006,42.299999999999955,1,2,1.0
192,1,483.5,592.0,208.89999999999998,46.39999999999998,1,2,1.0
193,1,481.9,588.5,211.39999999999998,49.5,1,2,1.0
194,1,482.0,589.6,211.29999999999995,48.60000000000002,1,2,1.0
195,1,483.1,590.6,211.0,45.5,1,2,1.0
196,1,482.84,590.19,206.86000000000007,46.00999999999999,1,2,1.0
197,1,480.2,590.1,209.2,45.0,1,2,1.0
198,1,481.2,591.0,213.09999999999997,42.60000000000002,1,2,1.0
199,1,482.7,590.7,209.50000000000006,43.19999999999993,1,2,1.0
200,1,482.7,591.3,211.00000000000006,42.80000000000007,1,2,1.0
201,1,483.2,591.5,209.59999999999997,43.39999999999998,1,2,1.0
202,1,481.91,589.93,210.38999999999993,43.370000000000005,1,2,1.0
203,1,484.4,591.5,209.80000000000007,40.700000000000045,1,2,1.0
204,1,483.9,592.2,210.39999999999998,40.89999999999998,1,2,1.0
205,1,487.73,593.48,208.97000000000003,39.319999999999936,1,2,1.0
206,1,487.5,596.1,209.89999999999998,36.5,1,2,1.0
207,1,489.4,591.56,207.96000000000004,41.80000000000007,1,2,1.0
208,1,488.9,594.7,209.20000000000005,38.19999999999993,1,2,1.0
209,1,489.8,594.0,207.2,39.700000000000045,1,2,1.0
210,1,500.2,593.8,198.60999999999996,38.710000000000036,1,2,1.0
211,1,488.54,594.5,205.95999999999998,39.200000000000045,1,2,1.0
212,1,485.36,593.6,211.53999999999996,40.299999999999955,1,2,1.0
213,1,485.32,592.5,208.78000000000003,40.299999999999955,1,2,1.0
214,1,483.71,590.9,210.89000000000004,42.39999999999998,1,2,1.0
215,1,484.52,590.6,210.98000000000002,43.799999999999955,1,2,1.0
216,1,482.14,588.7,210.96000000000004,44.09999999999991,1,2,1.0
217,1,478.78,587.7,214.92000000000007,48.19999999999993,1,2,1.0
218,1,477.83,588.6,218.27000000000004,43.69999999999993,1,2,1.0
219,1,478.23,587.5,217.97000000000003,45.200000000000045,1,2,1.0
219,2,544.5,632.6,26.039999999999964,12.699999999999932,1,1,1.0
220,1,477.1,588.9,219.29999999999995,41.30000000000007,1,2,1.0
220,2,565.4,631.61,10.300000000000068,10.68999999999994,1,1,1.0
221,1,476.34,586.27,216.26000000000005,46.23000000000002,1,2,1.0
221,2,554.7,630.59,30.3599999999999,14.309999999999945,1,1,1.0
222,1,482.26,588.3,212.84000000000003,43.5,1,2,1.0
222,2,573.7,632.99,13.589999999999918,8.710000000000036,1,1,1.0
223,1,477.45,587.8,218.05,40.5,1,2,1.0
223,2,566.7,633.13,19.59999999999991,9.370000000000005,1,1,1.0
224,1,483.35,586.8,215.04999999999995,43.80000000000007,1,2,1.0
224,2,564.1,633.81,25.139999999999986,10.290000000000077,1,1,1.0
225,1,483.78,587.6,215.82000000000005,43.0,1,2,1.0
225,2,567.74,634.29,22.059999999999945,10.210000000000036,1,1,1.0
226,1,484.28,588.9,217.51999999999998,39.5,1,2,1.0
226,2,568.0,629.37,33.92999999999995,16.730000000000018,1,1,1.0
227,1,484.45,591.2,219.95,35.5,1,2,1.0
227,2,572.9,627.3,33.85000000000002,20.0,1,1,1.0
228,1,486.78,589.3,216.72000000000003,35.90000000000009,1,2,1.0
228,2,578.1,626.88,29.610000000000014,19.620000000000005,1,1,1.0
229,1,489.56,588.9,218.54000000000002,36.60000000000002,1,2,1.0
229,2,576.6,627.07,36.20999999999992,19.129999999999995,1,1,1.0
230,1,494.36,590.8,214.14,31.90000000000009,1,2,1.0
230,2,578.9,626.25,37.82000000000005,19.649999999999977,1,1,1.0
231,1,494.09,592.4,217.70999999999998,30.899999999999977,1,2,1.0
231,2,573.62,626.1,48.98000000000002,20.50999999999999,1,1,1.0
232,1,493.25,592.1,218.35000000000002,31.699999999999932,1,2,1.0
232,2,574.5,626.3,51.710000000000036,19.600000000000023,1,1,1.0
233,1,495.41,594.8,219.08999999999997,29.300000000000068,1,2,1.0
233,2,569.7,626.18,69.46999999999991,22.420000000000073,1,1,1.0
234,1,501.03,595.1,215.97000000000003,29.899999999999977,1,2,1.0
234,2,577.4,625.54,58.81000000000006,23.25999999999999,1,1,1.0
235,1,500.8,595.6,215.7,30.699999999999932,1,2,1.0
235,2,577.1,626.29,63.50999999999999,23.00999999999999,1,1,1.0
236,1,500.6,597.2,218.19999999999993,28.399999999999977,1,2,1.0
236,2,584.4,626.38,64.58000000000004,18.620000000000005,1,1,1.0
237,1,499.77,597.4,217.13,33.389999999999986,1,2,1.0
237,2,585.4,626.44,70.44000000000005,18.75999999999999,1,1,1.0
238,1,500.6,597.7,212.0,31.199999999999932,1,2,1.0
238,2,588.9,627.5,73.11000000000001,18.899999999999977,1,1,1.0
239,1,500.5,597.3,216.39999999999998,31.5,1,2,1.0
239,2,598.9,627.45,67.15999999999997,17.84999999999991,1,1,1.0
240,1,502.7,598.9,208.40000000000003,31.0,1,2,1.0
240,2,613.3,627.42,57.460000000000036,16.879999999999995,1,1,1.0
241,1,503.7,599.0,209.40000000000003,29.600000000000023,1,2,1.0
241,2,613.89,627.09,63.50999999999999,18.00999999999999,1,1,1.0
242,1,502.31,599.8,208.83999999999997,31.420000000000073,1,2,1.0
242,2,618.15,627.07,57.25,18.829999999999927,1,1,1.0
243,1,504.5,598.3,209.41999999999996,33.30000000000007,1,2,1.0
243,2,621.33,626.24,58.370000000000005,19.659999999999968,1,1,1.0
244,1,507.2,598.4,206.13000000000005,34.10000000000002,1,2,1.0
244,2,627.99,626.07,53.210000000000036,21.229999999999905,1,1,1.0
245,1,503.9,600.0,211.56000000000006,33.39999999999998,1,2,1.0
245,2,631.17,627.03,46.33000000000004,18.670000000000073,1,1,1.0
246,1,506.5,602.3,203.35000000000002,31.800000000000068,1,2,1.0
246,2,630.92,624.61,48.180000000000064,20.090000000000032,1,1,1.0
247,1,507.62,600.9,201.84000000000003,33.360000000000014,1,2,1.0
247,2,643.5,628.61,36.200000000000045,19.18999999999994,1,1,1.0
248,1,509.2,603.6,200.24000000000007,30.399999999999977,1,2,1.0
248,2,648.39,630.07,26.110000000000014,17.029999999999973,1,1,1.0
249,1,508.71,601.0,200.73000000000008,36.07000000000005,1,2,1.0
249,2,659.51,637.36,11.690000000000055,9.740000000000009,1,1,1.0
250,1,510.16,603.6,196.36999999999995,31.379999999999995,1,2,1.0
250,2,663.15,634.81,11.690000000000055,9.740000000000009,1,1,1.0
251,1,507.4,604.6,196.04000000000008,31.199999999999932,1,2,1.0
252,1,509.0,604.9,196.85000000000002,33.30000000000007,1,2,1.0
253,1,511.41,604.5,189.62999999999994,32.370000000000005,1,2,1.0
254,1,510.96,603.2,191.34999999999997,33.75999999999999,1,2,1.0
255,1,511.91,603.9,190.35999999999996,31.129999999999995,1,2,1.0
256,1,510.0,605.1,189.27999999999997,29.840000000000032,1,2,1.0
257,1,510.53,603.1,186.63,33.360000000000014,1,2,1.0
258,1,510.06,605.0,195.19,30.08000000000004,1,2,1.0
259,1,510.36,605.2,193.35000000000002,32.0,1,2,1.0
260,1,512.81,605.6,186.34000000000003,31.379999999999995,1,2,1.0
261,1,510.4,605.6,189.37,32.99000000000001,1,2,1.0
262,1,512.13,604.3,188.59000000000003,34.210000000000036,1,2,1.0
263,1,510.57,606.2,189.84999999999997,34.02999999999997,1,2,1.0
264,1,511.74,607.3,188.42999999999995,33.15000000000009,1,2,1.0
265,1,510.87,606.4,190.12,32.79000000000008,1,2,1.0
266,1,511.93,606.3,187.93,33.99000000000001,1,2,1.0
267,1,510.2,605.8,188.17000000000002,34.25,1,2,1.0
268,1,511.36,605.2,187.19999999999993,35.42999999999995,1,2,1.0
269,1,512.28,604.0,187.85000000000002,37.22000000000003,1,2,1.0
270,1,512.81,605.3,187.2600000000001,34.629999999999995,1,2,1.0
271,1,510.98,604.1,190.35000000000002,36.23000000000002,1,2,1.0
272,1,512.01,603.4,189.25,36.620000000000005,1,2,1.0
273,1,512.24,603.6,186.88,35.70999999999992,1,2,1.0
274,1,512.33,603.1,184.0999999999999,36.19999999999993,1,2,1.0
275,1,511.23,603.9,188.43999999999994,36.80000000000007,1,2,1.0
276,1,511.36,604.8,184.05999999999995,35.120000000000005,1,2,1.0
277,1,512.8,604.4,186.60000000000002,36.389999999999986,1,2,1.0
278,1,512.33,603.4,185.94999999999993,36.80000000000007,1,2,1.0
279,1,512.59,601.4,185.5,37.129999999999995,1,2,1.0
280,1,511.07,602.1,187.54000000000002,36.73000000000002,1,2,1.0
281,1,511.33,601.9,189.78000000000003,35.940000000000055,1,2,1.0
282,1,510.8,601.7,186.18,37.69999999999993,1,2,1.0
283,1,510.2,601.5,188.33999999999997,36.26999999999998,1,2,1.0
284,1,508.48,602.7,187.61,34.20999999999992,1,2,1.0
285,1,508.42,602.0,188.09999999999997,34.40999999999997,1,2,1.0
286,1,509.77,601.7,188.13,35.319999999999936,1,2,1.0
287,1,505.97,601.7,194.5,35.719999999999914,1,2,1.0
288,1,508.67,604.2,186.95999999999998,35.789999999999964,1,2,1.0
289,1,507.54,602.0,191.83999999999997,36.34000000000003,1,2,1.0
290,1,507.77,602.5,186.02999999999997,37.25,1,2,1.0
291,1,511.5,602.6,184.60000000000002,36.299999999999955,1,2,1.0
292,1,508.82,601.7,185.07999999999998,36.289999999999964,1,2,1.0
293,1,506.43,602.4,188.70999999999998,32.79000000000008,1,2,1.0
294,1,507.61,600.2,186.58000000000004,36.319999999999936,1,2,1.0
295,1,507.67,599.9,185.70999999999998,35.33000000000004,1,2,1.0
296,1,500.87,602.4,194.71000000000004,30.75999999999999,1,2,1.0
297,1,499.75,602.4,193.66999999999996,31.100000000000023,1,2,1.0
298,1,495.49,604.3,198.66999999999996,29.57000000000005,1,2,1.0
299,1,495.99,602.4,197.88,31.149999999999977,1,2,1.0
300,1,495.39,602.9,202.0,30.75,1,2,1.0
301,1,488.42,602.1,205.56,32.43999999999994,1,2,1.0
302,1,489.75,602.9,208.22000000000003,30.75999999999999,1,2,1.0
303,1,486.65,602.2,208.14,28.729999999999905,1,2,1.0
304,1,487.06,602.7,208.82,29.389999999999986,1,2,1.0
305,1,488.14,600.2,208.64999999999998,30.029999999999973,1,2,1.0
306,1,489.49,601.0,208.90999999999997,30.850000000000023,1,2,1.0
307,1,488.23,598.4,210.38,30.360000000000014,1,2,1.0
308,1,489.13,598.6,209.60000000000002,31.569999999999936,1,2,1.0
309,1,490.34,599.3,212.7,28.57000000000005,1,2,1.0
310,1,490.94,600.2,211.58999999999997,27.729999999999905,1,2,1.0
311,1,489.2,599.5,210.84999999999997,28.299999999999955,1,2,1.0
312,1,487.74,599.7,211.15999999999997,29.269999999999982,1,2,1.0
313,1,487.2,598.3,216.02000000000004,29.129999999999995,1,2,1.0
314,1,487.1,600.0,213.39999999999998,26.25999999999999,1,2,1.0
315,1,487.05,599.4,215.37999999999994,28.230000000000018,1,2,1.0
316,1,485.56,600.1,216.98999999999995,28.159999999999968,1,2,1.0
317,1,484.15,600.8,217.44000000000005,27.65000000000009,1,2,1.0
318,1,487.37,600.0,214.68999999999994,25.720000000000027,1,2,1.0
319,1,486.59,600.1,214.91000000000003,27.93999999999994,1,2,1.0
320,1,489.97,602.1,210.75,26.74000000000001,1,2,1.0
321,1,486.15,602.8,213.81000000000006,25.800000000000068,1,2,1.0
322,1,486.34,601.0,213.16000000000003,27.210000000000036,1,2,1.0
323,1,491.65,602.9,208.14999999999998,24.879999999999995,1,2,1.0
324,1,485.6,602.6,214.29999999999995,24.25,1,2,1.0
325,1,484.63,603.2,215.16999999999996,24.709999999999923,1,2,1.0
326,1,489.68,603.2,209.42000000000002,24.289999999999964,1,2,1.0
326,3,529.83,637.68,15.169999999999959,12.420000000000073,1,1,1.0
327,1,484.55,600.6,217.24999999999994,26.699999999999932,1,2,1.0
327,4,564.11,631.97,10.92999999999995,8.5,1,1,1.0
327,3,530.33,639.81,17.16999999999996,10.290000000000077,1,1,1.0
328,1,487.95,600.8,214.15000000000003,26.100000000000023,1,2,1.0
328,4,568.66,633.18,30.639999999999986,9.120000000000005,1,1,1.0
328,3,533.6,639.6,14.769999999999982,11.5,1,1,1.0
329,1,486.27,600.1,217.52999999999997,26.480000000000018,1,2,1.0
329,4,583.2,631.36,30.979999999999905,11.840000000000032,1,1,1.0
329,3,532.89,641.99,18.50999999999999,11.710000000000036,1,1,1.0
329,5,652.78,631.92,18.340000000000032,10.82000000000005,1,1,1.0
330,1,488.5,598.2,215.39999999999998,27.059999999999945,1,2,1.0
330,4,586.06,627.46,34.74000000000001,15.639999999999986,1,1,1.0
330,3,533.6,639.15,21.50999999999999,15.25,1,1,1.0
330,5,653.38,629.81,24.32000000000005,11.990000000000009,1,1,1.0
331,1,488.77,596.7,216.33000000000004,27.899999999999977,1,2,1.0
331,4,592.75,625.63,35.549999999999955,18.769999999999982,1,1,1.0
331,3,535.3,639.72,21.57000000000005,14.779999999999973,1,1,1.0
331,5,654.29,626.99,21.850000000000023,14.090000000000032,1,1,1.0
332,1,488.04,596.2,220.45999999999998,29.17999999999995,1,2,1.0
332,4,598.59,627.98,40.610000000000014,15.120000000000005,1,1,1.0
332,3,532.7,640.04,28.889999999999986,14.56000000000006,1,1,1.0
333,1,491.17,594.8,215.32999999999998,30.930000000000064,1,2,1.0
333,4,588.26,625.86,57.940000000000055,19.74000000000001,1,1,1.0
333,3,536.31,638.7,26.690000000000055,18.09999999999991,1,1,1.0
334,1,491.87,596.1,213.02999999999997,28.590000000000032,1,2,1.0
334,4,608.08,627.02,42.41999999999996,21.680000000000064,1,1,1.0
334,3,536.08,638.97,28.319999999999936,18.230000000000018,1,1,1.0
335,1,490.0,594.6,219.89999999999998,31.559999999999945,1,2,1.0
335,4,602.39,624.05,52.40999999999997,25.850000000000023,1,1,1.0
335,3,537.2,639.93,32.39999999999998,20.07000000000005,1,1,1.0
336,1,492.75,593.7,218.54999999999995,31.709999999999923,1,2,1.0
336,4,620.02,625.01,41.48000000000002,27.389999999999986,1,1,1.0
336,3,536.78,641.02,40.92000000000007,19.58000000000004,1,1,1.0
337,1,493.38,593.0,222.22000000000003,33.67999999999995,1,2,1.0
337,4,630.7,629.22,30.799999999999955,23.879999999999995,1,1,1.0
337,3,538.13,640.73,41.66999999999996,18.970000000000027,1,1,1.0
338,1,492.27,593.0,224.63,30.710000000000036,1,2,1.0
338,4,637.68,636.51,16.220000000000027,11.990000000000009,1,1,1.0
338,3,536.7,641.36,56.0,18.039999999999964,1,1,1.0
339,1,495.53,592.6,219.17000000000007,31.799999999999955,1,2,1.0
339,3,539.9,641.04,53.200000000000045,21.360000000000014,1,1,1.0
340,1,493.36,593.5,217.03999999999996,33.370000000000005,1,2,1.0
340,3,539.8,640.01,61.700000000000045,21.889999999999986,1,1,1.0
341,1,494.17,594.0,218.32999999999998,34.10000000000002,1,2,1.0
341,3,541.77,637.32,59.02999999999997,27.17999999999995,1,1,1.0
342,1,490.19,594.8,224.31,31.550000000000068,1,2,1.0
342,3,548.65,637.49,51.48000000000002,30.75,1,1,1.0
343,1,497.32,595.9,217.78000000000003,29.06000000000006,1,2,1.0
343,3,549.98,637.49,51.72000000000003,30.110000000000014,1,1,1.0
344,1,495.22,598.3,218.07999999999993,29.56000000000006,1,2,1.0
344,3,550.5,635.42,50.75,29.379999999999995,1,1,1.0
345,1,497.86,596.5,219.34000000000003,31.029999999999973,1,2,1.0
345,3,550.09,636.38,61.110000000000014,30.41999999999996,1,1,1.0
346,1,494.56,598.3,220.54000000000002,27.280000000000086,1,2,1.0
346,3,558.41,635.54,57.389999999999986,31.160000000000082,1,1,1.0
347,1,494.95,600.7,217.95,27.639999999999986,1,2,1.0
347,3,566.64,636.59,55.25999999999999,29.709999999999923,1,1,1.0
348,1,493.61,598.8,222.89,27.090000000000032,1,2,1.0
348,3,569.33,638.17,59.16999999999996,30.030000000000086,1,1,1.0
349,1,484.59,600.3,228.51000000000005,25.700000000000045,1,2,1.0
349,3,572.35,634.99,62.25,29.809999999999945,1,1,1.0
350,1,482.12,600.3,219.58000000000004,28.870000000000005,1,2,1.0
350,3,579.34,633.47,67.75999999999999,30.529999999999973,1,1,1.0
351,1,472.77,592.1,229.86,37.299999999999955,1,2,1.0
351,3,587.04,633.4,66.06000000000006,30.300000000000068,1,1,1.0
352,1,471.66,590.2,228.74999999999994,41.319999999999936,1,2,1.0
352,3,590.66,629.88,65.34000000000003,33.01999999999998,1,1,1.0
353,1,471.95,590.1,223.2,42.129999999999995,1,2,1.0
353,3,599.32,632.1,60.17999999999995,28.799999999999955,1,1,1.0
354,1,462.72,582.9,233.07999999999993,49.84000000000003,1,2,1.0
354,3,600.93,637.18,61.07000000000005,23.82000000000005,1,1,1.0
355,1,459.3,578.0,235.55,54.309999999999945,1,2,1.0
355,3,600.87,636.93,61.52999999999997,24.670000000000073,1,1,1.0
356,1,462.4,577.8,230.10000000000002,53.530000000000086,1,2,1.0
356,3,600.88,638.62,63.91999999999996,21.980000000000018,1,1,1.0
357,1,455.1,576.7,235.86,55.18999999999994,1,2,1.0
357,3,627.38,640.13,39.120000000000005,20.269999999999982,1,1,1.0
358,1,455.5,578.2,238.28999999999996,53.90999999999997,1,2,1.0
358,3,634.56,637.75,33.74000000000001,20.649999999999977,1,1,1.0
359,1,453.7,573.8,244.00000000000006,58.47000000000003,1,2,1.0
359,3,639.08,635.52,31.539999999999964,23.970000000000027,1,1,1.0
360,1,448.4,572.8,247.79000000000008,58.690000000000055,1,2,1.0
360,3,643.22,633.52,28.67999999999995,24.879999999999995,1,1,1.0
361,1,451.0,576.1,235.85000000000002,55.059999999999945,1,2,1.0
361,3,641.81,634.22,27.99000000000001,18.079999999999927,1,1,1.0
362,1,451.4,574.8,242.38,56.030000000000086,1,2,1.0
362,3,644.34,636.75,22.559999999999945,16.049999999999955,1,1,1.0
363,1,449.6,574.8,246.42999999999995,55.67000000000007,1,2,1.0
363,3,642.65,636.37,27.550000000000068,19.529999999999973,1,1,1.0
364,1,466.67,577.76,230.81,51.01999999999998,1,2,1.0
364,3,645.72,638.39,20.279999999999973,15.509999999999991,1,1,1.0
365,1,464.9,581.6,233.14,45.65999999999997,1,2,1.0
365,3,649.6,631.02,22.0,14.279999999999973,1,1,1.0
366,1,465.25,584.91,229.75,40.99000000000001,1,2,1.0
366,3,651.21,628.17,22.799999999999955,17.520000000000095,1,1,1.0
367,1,469.3,584.6,229.8,42.89999999999998,1,2,1.0
367,3,649.64,625.78,25.480000000000018,15.740000000000009,1,1,1.0
368,1,467.5,587.6,229.79999999999995,38.299999999999955,1,2,1.0
368,3,649.64,625.78,27.25999999999999,13.720000000000027,1,1,1.0
369,1,469.9,588.6,236.89999999999998,36.5,1,2,1.0
369,3,646.28,625.04,29.420000000000073,16.360000000000014,1,1,1.0
370,1,472.2,591.8,237.09999999999997,30.800000000000068,1,2,1.0
371,1,476.5,595.0,235.20000000000005,28.200000000000045,1,2,1.0
372,1,481.9,597.2,234.5,26.299999999999955,1,2,1.0
372,3,654.82,630.15,20.079999999999927,13.649999999999977,1,1,1.0
373,1,485.0,593.1,242.60000000000002,30.66999999999996,1,2,1.0
373,3,651.26,626.78,22.24000000000001,15.519999999999982,1,1,1.0
374,1,489.83,582.28,242.81,41.26999999999998,1,2,1.0
375,1,489.6,588.5,241.29999999999995,36.389999999999986,1,2,1.0
376,1,493.92,582.88,236.97999999999996,42.710000000000036,1,2,1.0
377,1,497.22,586.82,234.77999999999997,39.57999999999993,1,2,1.0
378,1,494.18,582.5,241.82,45.289999999999964,1,2,1.0
379,1,495.22,578.7,242.07999999999993,49.049999999999955,1,2,1.0
380,1,496.68,579.11,241.27000000000004,48.889999999999986,1,2,1.0
381,1,496.06,580.06,240.52000000000004,47.370000000000005,1,2,1.0
382,1,495.06,579.3,246.33999999999997,48.22000000000003,1,2,1.0
383,1,495.27,577.52,246.82000000000005,49.440000000000055,1,2,1.0
384,1,495.27,580.6,245.02999999999997,46.360000000000014,1,2,1.0
385,1,489.83,592.3,239.96999999999997,34.379999999999995,1,2,1.0
386,1,488.21,592.3,238.58999999999997,34.07000000000005,1,2,1.0
387,1,484.77,595.9,241.63,26.980000000000018,1,2,1.0
388,1,483.7,599.2,228.8,23.769999999999982,1,2,1.0
389,1,481.8,593.02,234.35999999999996,25.100000000000023,1,2,1.0
390,1,479.73,592.4,237.16999999999996,27.300000000000068,1,2,1.0
391,1,477.5,593.1,239.70000000000005,28.299999999999955,1,2,1.0
392,1,477.6,591.3,236.10000000000002,31.0,1,2,1.0
393,1,478.62,589.9,233.88,30.800000000000068,1,2,1.0
394,1,467.6,590.2,242.60000000000002,32.09999999999991,1,2,1.0
395,1,471.5,589.6,237.34000000000003,33.27999999999997,1,2,1.0
396,1,473.5,589.6,234.03999999999996,33.299999999999955,1,2,1.0
397,1,468.0,588.6,238.20000000000005,33.60000000000002,1,2,1.0
398,1,478.0,590.7,228.29999999999995,32.89999999999998,1,2,1.0
399,1,480.07,589.6,231.63000000000005,33.0,1,2,1.0
400,1,484.05,595.3,232.05,26.100000000000023,1,2,1.0
401,1,479.6,595.9,238.69999999999993,24.600000000000023,1,2,1.0
402,1,483.0,595.8,235.89999999999998,24.90000000000009,1,2,1.0
403,1,485.1,597.5,234.89999999999998,21.5,1,2,1.0
404,1,486.65,595.5,235.64,26.75,1,2,1.0
405,1,487.13,596.4,237.88,24.290000000000077,1,2,1.0
406,1,485.1,594.7,239.49,24.269999999999982,1,2,1.0
406,6,525.61,626.32,23.92999999999995,18.1099999999999,1,1,1.0
407,1,487.0,593.2,239.12,25.409999999999968,1,2,1.0
407,6,524.0,628.91,28.129999999999995,16.190000000000055,1,1,1.0
408,1,482.7,594.4,240.89000000000004,22.5,1,2,1.0
408,6,528.2,629.88,21.99000000000001,15.82000000000005,1,1,1.0
409,1,482.2,594.8,242.52000000000004,24.610000000000014,1,2,1.0
409,6,522.7,626.96,27.16999999999996,19.74000000000001,1,1,1.0
410,1,481.8,593.6,243.81,22.41999999999996,1,2,1.0
410,6,522.5,629.22,30.24000000000001,18.17999999999995,1,1,1.0
411,1,485.5,595.9,234.76999999999998,23.00999999999999,1,2,1.0
411,6,519.9,629.34,21.960000000000036,19.159999999999968,1,1,1.0
412,1,485.4,592.7,240.42000000000007,25.789999999999964,1,2,1.0
412,6,521.9,630.53,20.720000000000027,16.269999999999982,1,1,1.0
413,1,491.3,593.6,232.68,25.629999999999995,1,2,1.0
413,6,521.83,628.7,20.67999999999995,18.549999999999955,1,1,1.0
414,1,491.6,594.3,229.39,24.83000000000004,1,2,1.0
414,6,523.49,626.84,19.700000000000045,21.559999999999945,1,1,1.0
415,1,488.85,595.9,234.91999999999996,22.279999999999973,1,2,1.0
415,6,523.41,627.86,18.24000000000001,20.5,1,1,1.0
416,1,487.94,596.6,235.94,22.090000000000032,1,2,1.0
416,6,527.23,632.64,18.879999999999995,16.889999999999986,1,1,1.0
417,1,489.67,595.2,231.96999999999997,25.289999999999964,1,2,1.0
417,6,527.79,631.23,19.0,17.470000000000027,1,1,1.0
418,1,486.74,593.3,233.5,28.100000000000023,1,2,1.0
418,6,529.53,630.61,21.730000000000018,19.5,1,1,1.0
419,1,491.25,595.7,228.29999999999995,26.41999999999996,1,2,1.0
419,6,529.16,628.86,17.56000000000006,22.600000000000023,1,1,1.0
420,1,492.39,595.0,228.30000000000007,26.950000000000045,1,2,1.0
420,6,530.5,625.48,15.960000000000036,27.319999999999936,1,1,1.0
421,1,491.38,597.0,227.35000000000002,25.289999999999964,1,2,1.0
421,6,532.21,631.89,17.389999999999986,22.81000000000006,1,1,1.0
422,1,489.66,596.0,228.43,25.299999999999955,1,2,1.0
422,6,529.35,624.87,16.110000000000014,26.529999999999973,1,1,1.0
423,1,487.39,597.4,230.96000000000004,23.920000000000073,1,2,1.0
423,6,529.44,625.56,16.879999999999995,24.49000000000001,1,1,1.0
424,1,487.01,596.5,229.71000000000004,25.370000000000005,1,2,1.0
424,6,529.3,624.44,18.83000000000004,22.159999999999968,1,1,1.0
425,1,488.01,594.7,231.64,27.41999999999996,1,2,1.0
425,6,528.9,622.05,21.08000000000004,21.15000000000009,1,1,1.0
426,1,491.69,595.7,229.75000000000006,26.339999999999918,1,2,1.0
426,6,541.6,630.37,8.899999999999977,8.42999999999995,1,1,1.0
427,1,491.96,593.8,227.69,26.81000000000006,1,2,1.0
427,6,544.0,628.35,7.6200000000000045,8.449999999999932,1,1,1.0
428,1,494.83,595.3,226.82,28.480000000000018,1,2,1.0
429,1,494.72,595.3,225.48000000000002,25.920000000000073,1,2,1.0
430,1,494.46,598.6,223.32,23.470000000000027,1,2,1.0
430,7,516.37,626.62,14.32000000000005,11.960000000000036,1,1,1.0
431,1,492.45,599.6,221.38000000000005,24.41999999999996,1,2,1.0
431,7,516.1,625.06,21.629999999999995,17.440000000000055,1,1,1.0
432,1,497.43,600.4,218.96999999999997,21.649999999999977,1,2,1.0
432,7,507.63,623.47,31.470000000000027,16.639999999999986,1,1,1.0
433,1,494.01,599.5,222.44000000000005,23.210000000000036,1,2,1.0
433,7,513.64,625.9,38.57000000000005,19.800000000000068,1,1,1.0
434,1,496.0,600.2,224.54999999999995,23.149999999999977,1,2,1.0
434,7,515.78,623.01,33.05000000000007,22.99000000000001,1,1,1.0
435,1,494.04,600.7,221.49999999999994,23.949999999999932,1,2,1.0
435,7,516.99,622.69,36.549999999999955,21.1099999999999,1,1,1.0
436,1,493.03,602.8,220.12,21.370000000000005,1,2,1.0
436,7,517.1,625.11,41.60000000000002,15.590000000000032,1,1,1.0
436,8,596.92,629.12,12.800000000000068,9.17999999999995,1,1,1.0
436,9,530.29,636.36,19.019999999999982,12.740000000000009,1,1,1.0
437,1,496.31,600.4,219.57,23.149999999999977,1,2,1.0
437,7,522.6,625.2,42.389999999999986,16.299999999999955,1,1,1.0
437,8,593.8,628.64,18.82000000000005,9.659999999999968,1,1,1.0
437,9,534.47,639.7,14.629999999999995,11.5,1,1,1.0
438,1,492.06,604.2,220.55,19.409999999999968,1,2,1.0
438,7,520.6,622.5,47.34000000000003,15.600000000000023,1,1,1.0
438,8,594.5,628.16,32.860000000000014,11.340000000000032,1,1,1.0
438,9,530.1,635.73,18.0,17.370000000000005,1,1,1.0
439,1,492.86,599.3,215.19999999999993,25.1400000000001,1,2,1.0
439,7,538.1,622.4,42.289999999999964,14.700000000000045,1,1,1.0
439,8,606.04,624.62,30.280000000000086,15.080000000000041,1,1,1.0
439,9,530.4,637.22,19.360000000000014,15.579999999999927,1,1,1.0
439,10,520.97,623.41,17.639999999999986,14.540000000000077,1,1,1.0
440,1,487.7,600.4,223.95,23.269999999999982,1,2,1.0
440,7,539.4,620.1,47.75,19.620000000000005,1,1,1.0
440,8,607.5,624.69,37.25999999999999,14.909999999999968,1,1,1.0
440,9,529.8,637.77,22.170000000000073,17.33000000000004,1,1,1.0
440,10,520.97,622.86,18.730000000000018,15.090000000000032,1,1,1.0
441,1,486.43,600.0,223.84999999999997,23.91999999999996,1,2,1.0
441,7,552.8,622.1,43.80000000000007,19.5,1,1,1.0
441,8,613.9,626.73,39.00999999999999,13.269999999999982,1,1,1.0
441,9,529.8,633.64,25.3900000000001,23.659999999999968,1,1,1.0
441,10,520.97,622.3,19.829999999999927,15.650000000000091,1,1,1.0
442,1,487.65,600.9,214.70000000000005,27.700000000000045,1,2,1.0
442,7,553.7,623.0,45.0,18.0,1,1,1.0
442,8,614.4,629.02,48.09000000000003,14.080000000000041,1,1,1.0
442,9,529.3,635.78,27.930000000000064,20.620000000000005,1,1,1.0
442,10,530.19,619.5,19.829999999999927,15.649999999999977,1,1,1.0
443,1,481.27,601.1,222.96000000000004,27.99000000000001,1,2,1.0
443,7,559.6,619.7,52.059999999999945,22.24000000000001,1,1,1.0
443,8,619.88,627.67,48.22000000000003,17.33000000000004,1,1,1.0
443,9,531.8,633.9,30.800000000000068,24.300000000000068,1,1,1.0
443,10,534.95,619.78,25.449999999999932,13.120000000000005,1,1,1.0
444,1,485.21,602.6,216.54000000000002,25.75999999999999,1,2,1.0
444,7,554.9,620.4,50.60000000000002,22.700000000000045,1,1,1.0
444,8,631.84,628.67,43.360000000000014,17.129999999999995,1,1,1.0
444,9,537.2,641.33,23.229999999999905,15.469999999999914,1,1,1.0
444,10,531.31,624.3,31.290000000000077,16.710000000000036,1,1,1.0
445,1,484.17,599.3,216.53000000000003,29.24000000000001,1,2,1.0
445,7,557.7,620.7,57.799999999999955,21.16999999999996,1,1,1.0
445,8,634.44,628.34,37.559999999999945,16.659999999999968,1,1,1.0
445,9,532.79,631.45,22.00999999999999,22.449999999999932,1,1,1.0
445,10,543.05,621.78,31.290000000000077,16.710000000000036,1,1,1.0
446,1,478.9,599.0,221.26999999999998,29.129999999999995,1,2,1.0
446,7,568.0,622.1,54.48000000000002,22.569999999999936,1,1,1.0
446,8,640.99,628.33,35.210000000000036,15.669999999999959,1,1,1.0
446,9,535.2,631.5,18.779999999999973,24.019999999999982,1,1,1.0
446,10,556.19,620.11,31.289999999999964,16.699999999999932,1,1,1.0
447,1,487.4,599.2,215.14,26.1099999999999,1,2,1.0
447,7,580.8,626.1,49.0,16.860000000000014,1,1,1.0
447,8,637.94,627.84,36.25999999999999,17.860000000000014,1,1,1.0
447,9,538.56,631.5,13.340000000000032,24.5,1,1,1.0
447,10,561.8,620.39,26.24000000000001,15.009999999999991,1,1,1.0
448,1,488.9,601.1,213.49,25.299999999999955,1,2,1.0
448,7,563.3,625.6,72.54000000000008,19.829999999999927,1,1,1.0
448,8,640.6,627.01,35.52999999999997,18.779999999999973,1,1,1.0
448,9,539.6,630.98,11.799999999999955,17.220000000000027,1,1,1.0
448,10,557.3,622.13,26.780000000000086,10.970000000000027,1,1,1.0
449,1,490.8,605.4,213.99999999999994,21.340000000000032,1,2,1.0
449,7,585.9,624.6,48.190000000000055,21.75,1,1,1.0
449,8,646.36,629.54,31.639999999999986,16.460000000000036,1,1,1.0
449,9,540.9,639.3,11.800000000000068,8.360000000000014,1,1,1.0
449,10,563.1,621.9,22.25999999999999,9.899999999999977,1,1,1.0
450,1,489.8,602.2,211.00999999999993,23.649999999999977,1,2,1.0
450,7,587.9,623.8,56.460000000000036,23.75999999999999,1,1,1.0
450,8,644.35,631.72,31.850000000000023,14.079999999999927,1,1,1.0
450,9,541.4,635.4,13.899999999999977,12.0,1,1,1.0
450,10,570.44,621.2,22.25999999999999,9.899999999999977,1,1,1.0
451,1,488.7,600.1,209.99000000000007,29.350000000000023,1,2,1.0
451,7,583.96,620.78,64.19999999999993,25.480000000000018,1,1,1.0
451,8,649.22,631.89,21.980000000000018,12.610000000000014,1,1,1.0
451,9,544.52,634.62,13.899999999999977,12.0,1,1,1.0
452,1,486.3,599.0,213.10999999999996,28.299999999999955,1,2,1.0
452,7,568.9,624.4,84.5,22.090000000000032,1,1,1.0
452,8,661.63,636.58,10.870000000000005,7.419999999999959,1,1,1.0
452,9,551.01,632.8,13.899999999999977,12.0,1,1,1.0
453,1,489.6,602.4,211.80999999999995,25.00999999999999,1,2,1.0
453,7,589.7,621.5,75.26999999999998,27.889999999999986,1,1,1.0
453,8,663.98,637.93,8.720000000000027,6.3700000000000045,1,1,1.0
454,1,495.6,603.4,207.22000000000003,24.75999999999999,1,2,1.0
454,7,601.5,626.0,63.639999999999986,25.269999999999982,1,1,1.0
455,1,490.35,605.3,210.22000000000003,21.590000000000032,1,2,1.0
455,7,602.2,623.5,65.12,28.639999999999986,1,1,1.0
456,1,491.39,603.6,211.01999999999998,25.75,1,2,1.0
456,7,605.4,624.5,64.01999999999998,25.899999999999977,1,1,1.0
457,1,491.1,604.4,208.56999999999994,23.909999999999968,1,2,1.0
457,7,612.9,623.3,56.700000000000045,27.050000000000068,1,1,1.0
458,1,491.25,605.1,208.91999999999996,24.459999999999923,1,2,1.0
458,7,615.9,622.7,56.65999999999997,27.620000000000005,1,1,1.0
459,1,490.53,604.9,208.10000000000002,25.24000000000001,1,2,1.0
459,7,615.5,626.0,56.309999999999945,24.49000000000001,1,1,1.0
460,1,491.66,604.3,209.60999999999996,25.65000000000009,1,2,1.0
460,7,634.5,630.4,38.049999999999955,19.800000000000068,1,1,1.0
461,1,487.8,604.4,213.89000000000004,26.0,1,2,1.0
461,7,641.5,632.8,30.230000000000018,13.75,1,1,1.0
462,1,488.05,605.1,213.34999999999997,25.659999999999968,1,2,1.0
462,7,651.7,631.5,29.449999999999932,16.960000000000036,1,1,1.0
463,1,488.19,601.8,214.32999999999998,29.81000000000006,1,2,1.0
463,7,656.6,630.6,21.659999999999968,14.049999999999955,1,1,1.0
464,1,486.66,601.0,214.60999999999996,30.92999999999995,1,2,1.0
464,7,662.5,630.8,19.590000000000032,14.440000000000055,1,1,1.0
465,1,486.78,602.4,216.01999999999998,27.960000000000036,1,2,1.0
465,7,668.11,630.27,9.490000000000009,9.629999999999995,1,1,1.0
466,1,485.48,603.7,216.34000000000003,25.729999999999905,1,2,1.0
466,7,669.09,631.66,9.209999999999923,8.540000000000077,1,1,1.0
467,1,486.9,603.1,213.63,25.019999999999982,1,2,1.0
467,7,665.04,629.71,12.860000000000014,9.589999999999918,1,1,1.0
468,1,494.45,606.2,207.64000000000004,22.159999999999968,1,2,1.0
469,1,488.83,606.3,214.11000000000007,19.090000000000032,1,2,1.0
470,1,492.31,604.2,210.98999999999995,21.049999999999955,1,2,1.0
471,1,491.99,604.0,214.26999999999998,21.029999999999973,1,2,1.0
472,1,494.69,603.7,212.77000000000004,22.68999999999994,1,2,1.0
473,1,496.24,601.1,209.28999999999996,24.68999999999994,1,2,1.0
474,1,489.7,603.9,216.29000000000002,20.120000000000005,1,2,1.0
475,1,498.35,604.9,209.41999999999996,21.100000000000023,1,2,1.0
476,1,492.37,602.3,212.35000000000002,22.3900000000001,1,2,1.0
477,1,490.27,605.9,211.37,20.100000000000023,1,2,1.0
478,1,491.31,604.1,211.23999999999995,22.539999999999964,1,2,1.0
479,1,487.96,604.3,212.79000000000002,21.25,1,2,1.0
480,1,489.55,605.4,211.10999999999996,21.75,1,2,1.0
481,1,490.84,605.6,209.82999999999998,21.610000000000014,1,2,1.0
482,1,492.77,605.9,214.75,23.730000000000018,1,2,1.0
483,1,492.18,604.2,211.53000000000003,23.659999999999968,1,2,1.0
484,1,490.12,605.6,210.38,22.350000000000023,1,2,1.0
485,1,491.36,603.2,209.01999999999998,25.34999999999991,1,2,1.0
486,1,497.38,602.7,207.76999999999998,27.539999999999964,1,2,1.0
487,1,496.19,602.7,207.42000000000002,26.269999999999982,1,2,1.0
488,1,497.86,603.9,205.16999999999996,25.49000000000001,1,2,1.0
489,1,496.42,603.3,207.49999999999994,25.220000000000027,1,2,1.0
490,1,501.29,605.8,204.79000000000002,21.300000000000068,1,2,1.0
491,1,500.17,607.2,201.15000000000003,21.219999999999914,1,2,1.0
492,1,495.73,609.0,206.79999999999995,20.230000000000018,1,2,1.0
493,1,497.83,607.8,203.33999999999997,21.15000000000009,1,2,1.0
494,1,498.03,607.4,204.68000000000006,22.82000000000005,1,2,1.0
495,1,498.94,606.8,203.86999999999995,21.220000000000027,1,2,1.0
496,1,494.73,607.7,206.85000000000002,20.75999999999999,1,2,1.0
497,1,494.05,608.3,208.09999999999997,20.82000000000005,1,2,1.0
498,1,493.99,608.2,209.96000000000004,20.75,1,2,1.0
499,1,497.74,609.5,203.51999999999998,21.83000000000004,1,2,1.0
500,1,495.92,608.0,206.65000000000003,23.039999999999964,1,2,1.0
501,1,497.93,606.8,204.95999999999998,24.720000000000027,1,2,1.0
502,1,491.1,606.6,211.03999999999996,23.209999999999923,1,2,1.0
503,1,493.7,606.8,208.81,23.960000000000036,1,2,1.0
504,1,494.3,605.5,207.00999999999993,24.779999999999973,1,2,1.0
505,1,495.51,605.2,205.86,23.09999999999991,1,2,1.0
506,1,491.76,604.6,208.54999999999995,24.42999999999995,1,2,1.0
507,1,489.92,605.0,208.18,27.269999999999982,1,2,1.0
508,1,496.43,603.1,203.82,26.370000000000005,1,2,1.0
509,1,498.22,606.1,202.51999999999998,24.299999999999955,1,2,1.0
510,1,493.13,605.8,207.29999999999995,22.170000000000073,1,2,1.0
511,1,496.98,606.5,205.07999999999993,21.539999999999964,1,2,1.0
512,1,495.41,607.4,206.50999999999993,22.610000000000014,1,2,1.0
513,1,497.32,605.0,206.48999999999995,22.360000000000014,1,2,1.0
514,1,497.69,604.9,206.81,21.82000000000005,1,2,1.0
515,1,497.76,604.0,211.65999999999997,24.480000000000018,1,2,1.0
516,1,497.45,606.5,203.25000000000006,24.139999999999986,1,2,1.0
517,1,499.38,605.9,203.76,22.170000000000073,1,2,1.0
518,1,497.59,603.7,208.50000000000006,25.469999999999914,1,2,1.0
519,1,496.46,605.4,209.39000000000004,24.670000000000073,1,2,1.0
520,1,499.36,604.8,203.86,25.720000000000027,1,2,1.0
521,1,500.36,605.1,207.64,22.41999999999996,1,2,1.0
522,1,498.01,605.2,207.73000000000002,24.6099999999999,1,2,1.0
523,1,497.4,604.0,205.38,23.519999999999982,1,2,1.0
524,1,497.56,603.0,209.15000000000003,25.720000000000027,1,2,1.0
525,1,494.1,604.2,213.88,23.339999999999918,1,2,1.0
526,1,498.7,606.3,203.91000000000003,21.690000000000055,1,2,1.0
527,1,495.67,605.6,206.84999999999997,23.549999999999955,1,2,1.0
528,1,493.15,606.2,208.82000000000005,23.309999999999945,1,2,1.0
529,1,495.65,605.5,210.80000000000007,25.600000000000023,1,2,1.0
530,1,493.41,604.7,209.88999999999993,24.059999999999945,1,2,1.0
531,1,497.39,603.6,207.11,25.079999999999927,1,2,1.0
532,1,499.08,606.5,203.46999999999997,23.059999999999945,1,2,1.0
533,1,496.65,604.6,205.32000000000005,24.059999999999945,1,2,1.0
534,1,494.81,603.4,210.13000000000005,27.659999999999968,1,2,1.0
535,1,494.88,605.1,209.01999999999998,24.75,1,2,1.0
536,1,498.07,604.1,207.45,25.93999999999994,1,2,1.0
537,1,499.06,604.4,208.8,29.49000000000001,1,2,1.0
538,1,495.26,604.0,207.59000000000003,26.279999999999973,1,2,1.0
539,1,495.43,606.7,206.57,24.42999999999995,1,2,1.0
540,1,499.27,608.1,205.92000000000007,22.5,1,2,1.0
541,1,498.48,605.6,209.61,26.829999999999927,1,2,1.0
542,1,498.12,606.6,206.34000000000003,21.350000000000023,1,2,1.0
543,1,495.1,605.8,208.0,21.120000000000005,1,2,1.0
544,1,493.21,607.0,210.08999999999997,20.600000000000023,1,2,1.0
545,1,497.81,606.7,207.52000000000004,22.870000000000005,1,2,1.0
546,1,492.8,603.3,212.56,27.610000000000014,1,2,1.0
547,1,496.36,604.6,213.89,26.25999999999999,1,2,1.0
548,1,495.2,606.7,212.60999999999996,22.639999999999986,1,2,1.0
549,1,492.85,604.5,212.85000000000002,26.200000000000045,1,2,1.0
550,1,497.49,605.0,209.88,26.210000000000036,1,2,1.0
551,1,496.45,604.4,208.27000000000004,26.620000000000005,1,2,1.0
552,1,489.7,605.2,215.44,25.319999999999936,1,2,1.0
553,1,494.94,606.0,211.89000000000004,23.67999999999995,1,2,1.0
554,1,496.96,605.8,209.07,24.230000000000018,1,2,1.0
555,1,493.23,606.6,215.15999999999997,27.279999999999973,1,2,1.0
556,1,493.78,603.6,215.55000000000007,28.319999999999936,1,2,1.0
557,1,492.68,606.9,209.16000000000003,26.56000000000006,1,2,1.0
558,1,499.01,606.7,207.76,27.59999999999991,1,2,1.0
559,1,495.55,606.0,213.28000000000003,27.610000000000014,1,2,1.0
560,1,495.25,604.1,209.62,31.100000000000023,1,2,1.0
561,1,497.19,603.9,211.16000000000003,32.27999999999997,1,2,1.0
562,1,496.68,602.3,214.57999999999998,35.81000000000006,1,2,1.0
563,1,497.75,604.9,209.15999999999997,31.290000000000077,1,2,1.0
564,1,495.8,603.3,208.28000000000003,33.55000000000007,1,2,1.0
565,1,501.69,602.5,209.31,35.89999999999998,1,2,1.0
566,1,497.81,603.1,202.13000000000005,34.93999999999994,1,2,1.0
567,1,499.88,603.6,204.16999999999996,34.39999999999998,1,2,1.0
568,1,499.23,603.1,199.77999999999997,35.94999999999993,1,2,1.0
569,1,498.37,604.8,200.80999999999995,35.280000000000086,1,2,1.0
570,1,500.75,602.1,201.54999999999995,37.819999999999936,1,2,1.0
571,1,495.9,603.4,206.07000000000005,35.82000000000005,1,2,1.0
572,1,496.34,605.2,206.07,32.25999999999999,1,2,1.0
573,1,500.11,604.0,203.48000000000002,35.039999999999964,1,2,1.0
574,1,496.32,603.3,212.04000000000002,34.92000000000007,1,2,1.0
575,1,494.7,602.8,213.67000000000002,37.90000000000009,1,2,1.0
576,1,498.17,602.7,207.91000000000003,36.95999999999992,1,2,1.0
577,1,495.37,603.8,209.04999999999995,36.48000000000002,1,2,1.0
578,1,497.27,602.2,208.58000000000004,37.24000000000001,1,2,1.0
579,1,497.27,603.1,208.58000000000004,35.45999999999992,1,2,1.0
580,1,494.78,603.2,208.80000000000007,35.50999999999999,1,2,1.0
581,1,497.2,599.5,204.87000000000006,40.67999999999995,1,2,1.0
582,1,503.34,600.7,201.57,37.069999999999936,1,2,1.0
583,1,502.1,602.7,201.67999999999995,37.299999999999955,1,2,1.0
584,1,500.93,603.4,198.74999999999994,35.34000000000003,1,2,1.0
585,1,492.11,603.36,209.85000000000002,36.039999999999964,1,2,1.0
586,1,498.81,604.4,205.91000000000003,33.22000000000003,1,2,1.0
587,1,493.14,604.2,210.5,35.44999999999993,1,2,1.0
588,1,494.47,603.5,207.77999999999997,34.64999999999998,1,2,1.0
589,1,496.64,603.0,208.68000000000006,34.59000000000003,1,2,1.0
590,1,500.49,602.8,203.41999999999996,35.91000000000008,1,2,1.0
591,1,494.42,604.5,211.97999999999996,34.870000000000005,1,2,1.0
592,1,499.73,603.3,207.14999999999998,34.879999999999995,1,2,1.0
593,1,495.72,603.5,209.56999999999994,37.539999999999964,1,2,1.0
594,1,498.2,606.5,204.38000000000005,32.89999999999998,1,2,1.0
595,1,499.51,605.7,204.82000000000005,36.039999999999964,1,2,1.0
596,1,498.17,604.2,201.12999999999994,35.25,1,2,1.0
597,1,497.75,604.5,203.49,34.57000000000005,1,2,1.0
598,1,500.18,603.8,204.82,36.10000000000002,1,2,1.0
599,1,499.62,605.7,201.82000000000005,33.1099999999999,1,2,1.0
600,1,502.35,605.9,199.38,31.540000000000077,1,2,1.0
601,1,500.78,609.8,199.52999999999997,23.160000000000082,1,2,1.0
602,1,500.79,610.3,199.75999999999993,22.840000000000032,1,2,1.0
603,1,503.15,607.1,201.22000000000003,24.829999999999927,1,2,1.0
604,1,502.38,605.6,203.35000000000002,26.850000000000023,1,2,1.0
605,1,502.14,608.5,200.56000000000006,22.690000000000055,1,2,1.0
606,1,500.27,607.2,200.31000000000006,23.769999999999982,1,2,1.0
607,1,504.61,608.0,199.02999999999997,24.440000000000055,1,2,1.0
608,1,504.33,609.2,196.22999999999996,24.68999999999994,1,2,1.0
609,1,501.76,608.3,199.44000000000005,23.620000000000005,1,2,1.0
610,1,503.68,609.8,197.95,22.600000000000023,1,2,1.0
611,1,503.23,608.2,199.32999999999993,24.16999999999996,1,2,1.0
612,1,504.54,606.4,198.71999999999997,25.430000000000064,1,2,1.0
613,1,504.52,610.0,195.51999999999998,22.850000000000023,1,2,1.0
614,1,506.44,608.3,197.70999999999998,26.550000000000068,1,2,1.0
615,1,503.35,609.0,196.39999999999998,26.50999999999999,1,2,1.0
616,1,504.04,604.8,196.93,31.020000000000095,1,2,1.0
617,1,503.36,604.7,197.03999999999996,31.84999999999991,1,2,1.0
618,1,503.0,606.4,198.91999999999996,28.399999999999977,1,2,1.0
619,1,507.66,607.6,187.44,28.24000000000001,1,2,1.0
620,1,508.35,608.8,189.68999999999994,25.660000000000082,1,2,1.0
621,1,507.84,608.0,194.95999999999998,27.16999999999996,1,2,1.0
622,1,506.42,608.3,195.87999999999994,28.770000000000095,1,2,1.0
623,1,505.06,608.6,196.14000000000004,29.840000000000032,1,2,1.0
624,1,507.18,606.6,196.11999999999995,30.360000000000014,1,2,1.0
625,1,506.32,605.1,196.47999999999996,32.799999999999955,1,2,1.0
626,1,504.87,608.1,197.83000000000004,29.16999999999996,1,2,1.0
627,1,509.06,608.5,192.94,28.389999999999986,1,2,1.0
628,1,506.11,609.1,194.59000000000003,28.019999999999982,1,2,1.0
629,1,508.1,609.3,191.39999999999998,27.940000000000055,1,2,1.0
630,1,505.41,608.0,196.38999999999993,30.480000000000018,1,2,1.0
631,1,508.86,608.5,193.64,29.32000000000005,1,2,1.0
632,1,502.55,608.6,196.84999999999997,29.43999999999994,1,2,1.0
633,1,503.46,608.3,197.64000000000004,28.950000000000045,1,2,1.0
634,1,505.81,604.9,195.76000000000005,34.32000000000005,1,2,1.0
635,1,507.66,605.3,190.66000000000003,32.60000000000002,1,2,1.0
636,1,505.91,604.5,190.38999999999993,33.67999999999995,1,2,1.0
637,1,506.64,604.6,190.85000000000002,31.25999999999999,1,2,1.0
638,1,510.0,603.2,190.78999999999996,31.969999999999914,1,2,1.0
639,1,506.97,602.8,197.92999999999995,31.75,1,2,1.0
640,1,505.41,601.6,197.63999999999993,33.39999999999998,1,2,1.0
641,1,503.94,601.6,199.07999999999998,34.27999999999997,1,2,1.0
642,1,507.92,600.9,191.55,34.90999999999997,1,2,1.0
643,1,505.22,599.9,199.13,34.76999999999998,1,2,1.0
644,1,507.66,600.02,196.18,35.08000000000004,1,2,1.0
645,1,504.08,600.2,203.29000000000002,34.59999999999991,1,2,1.0
646,1,504.63,600.4,198.34000000000003,34.5,1,2,1.0
647,1,508.72,600.17,194.58999999999992,34.129999999999995,1,2,1.0
648,1,507.58,601.45,197.88000000000005,34.549999999999955,1,2,1.0
649,1,506.72,601.22,197.30999999999995,32.98000000000002,1,2,1.0
650,1,505.03,605.1,202.17000000000007,31.600000000000023,1,2,1.0
651,1,508.22,607.8,198.17999999999995,26.800000000000068,1,2,1.0
652,1,507.23,604.8,201.37,30.90000000000009,1,2,1.0
653,1,505.7,606.1,202.3,29.199999999999932,1,2,1.0
654,1,506.64,605.8,203.56000000000006,30.200000000000045,1,2,1.0
655,1,505.6,605.5,203.29999999999995,28.899999999999977,1,2,1.0
656,1,504.08,602.8,204.21999999999997,32.90000000000009,1,2,1.0
657,1,508.38,603.2,201.12,33.09999999999991,1,2,1.0
658,1,509.41,602.7,200.88999999999993,34.19999999999993,1,2,1.0
659,1,507.28,605.1,203.01999999999998,29.399999999999977,1,2,1.0
660,1,506.83,605.7,196.77000000000004,30.399999999999977,1,2,1.0
661,1,503.76,606.7,199.44000000000005,30.199999999999932,1,2,1.0
662,1,503.66,603.7,208.04000000000002,30.799999999999955,1,2,1.0
663,1,504.0,599.6,207.39999999999998,36.5,1,2,1.0
664,1,508.16,604.2,201.13999999999993,32.39999999999998,1,2,1.0
665,1,507.92,607.2,193.18,27.399999999999977,1,2,1.0
666,1,508.72,606.1,196.98000000000002,30.299999999999955,1,2,1.0
667,1,505.37,607.1,201.83000000000004,26.399999999999977,1,2,1.0
668,1,504.6,607.6,202.10000000000002,25.299999999999955,1,2,1.0
669,1,505.28,608.7,196.32000000000005,26.0,1,2,1.0
670,1,505.7,611.3,196.40000000000003,23.0,1,2,1.0
671,1,506.6,608.8,195.89999999999998,26.300000000000068,1,2,1.0
672,1,508.2,607.8,197.40000000000003,25.40000000000009,1,2,1.0
673,1,510.2,608.6,191.8,25.5,1,2,1.0
674,1,506.5,608.3,194.89999999999998,25.600000000000023,1,2,1.0
675,1,505.8,609.2,195.3,25.299999999999955,1,2,1.0
676,1,504.2,608.3,197.50000000000006,25.40000000000009,1,2,1.0
677,1,496.77,606.9,204.83000000000004,24.200000000000045,1,2,1.0
678,1,499.31,606.5,207.48999999999995,25.600000000000023,1,2,1.0
679,1,503.33,608.4,200.17000000000002,22.800000000000068,1,2,1.0
680,1,497.76,607.4,206.44000000000005,25.0,1,2,1.0
681,1,497.56,606.2,206.94,24.299999999999955,1,2,1.0
682,1,499.81,607.4,203.89000000000004,22.800000000000068,1,2,1.0
683,1,500.19,608.1,205.70999999999998,21.799999999999955,1,2,1.0
684,1,503.73,609.4,201.47000000000003,22.899999999999977,1,2,1.0
685,1,499.76,608.9,205.74,21.100000000000023,1,2,1.0
686,1,500.08,608.0,207.32,21.799999999999955,1,2,1.0
687,1,501.17,608.2,201.32999999999998,21.699999999999932,1,2,1.0
688,1,502.3,607.7,202.09999999999997,20.799999999999955,1,2,1.0
689,1,497.04,607.7,211.45999999999998,23.5,1,2,1.0
690,1,493.75,605.5,214.85000000000002,21.799999999999955,1,2,1.0
691,1,493.71,605.8,212.99000000000007,20.100000000000023,1,2,1.0
692,1,493.51,607.0,214.28999999999996,19.100000000000023,1,2,1.0
693,1,495.64,606.5,210.36,19.899999999999977,1,2,1.0
694,1,494.61,606.5,211.09000000000003,21.399999999999977,1,2,1.0
695,1,496.6,605.9,212.10000000000002,21.800000000000068,1,2,1.0
696,1,496.59,606.7,207.8,20.899999999999977,1,2,1.0
697,1,493.29,607.5,211.2,19.100000000000023,1,2,1.0
698,1,494.56,607.8,212.28000000000003,18.100000000000023,1,2,1.0
699,1,495.02,606.8,213.12,20.0,1,2,1.0
700,1,496.61,606.4,207.68999999999994,19.300000000000068,1,2,1.0
701,1,493.95,604.9,211.55,23.200000000000045,1,2,1.0
702,1,496.84,606.0,212.36000000000007,20.899999999999977,1,2,1.0
703,1,496.94,605.0,214.76000000000005,21.100000000000023,1,2,1.0
704,1,495.77,604.1,216.68000000000006,24.399999999999977,1,2,1.0
705,1,495.11,604.1,215.55999999999995,23.100000000000023,1,2,1.0
706,1,499.12,605.3,210.84000000000003,22.600000000000023,1,2,1.0
707,1,493.9,605.3,217.19000000000005,21.800000000000068,1,2,1.0
708,1,496.56,605.2,211.58999999999997,24.799999999999955,1,2,1.0
709,1,497.13,606.2,213.20000000000005,18.5,1,2,1.0
710,1,493.36,605.6,215.80999999999995,21.699999999999932,1,2,1.0
711,1,496.44,602.5,217.05,25.700000000000045,1,2,1.0
712,1,497.92,602.6,216.78000000000003,25.399999999999977,1,2,1.0
713,1,498.45,603.4,211.34999999999997,23.200000000000045,1,2,1.0
714,1,497.84,604.1,211.95999999999998,24.899999999999977,1,2,1.0
715,1,497.1,602.6,211.10000000000002,24.899999999999977,1,2,1.0
716,1,497.77,605.1,208.83000000000004,23.799999999999955,1,2,1.0
717,1,497.97,604.1,210.23000000000002,26.600000000000023,1,2,1.0
718,1,497.09,605.2,211.20999999999998,24.09999999999991,1,2,1.0
719,1,499.02,603.8,209.18000000000006,23.90000000000009,1,2,1.0
720,1,497.86,604.6,209.03999999999996,24.799999999999955,1,2,1.0
721,1,497.95,604.6,209.45,26.0,1,2,1.0
722,1,498.78,604.1,208.22000000000003,25.899999999999977,1,2,1.0
723,1,497.83,604.4,212.27000000000004,26.600000000000023,1,2,1.0
724,1,497.68,604.7,214.02000000000004,27.799999999999955,1,2,1.0
725,1,501.58,605.5,209.62000000000006,25.899999999999977,1,2,1.0
726,1,494.5,605.7,212.20000000000005,22.5,1,2,1.0
727,1,497.29,607.7,212.70999999999998,23.5,1,2,1.0
728,1,498.29,606.1,206.70999999999998,23.5,1,2,1.0
729,1,494.87,604.6,211.73000000000002,25.799999999999955,1,2,1.0
730,1,497.87,605.5,213.52999999999997,25.5,1,2,1.0
731,1,496.46,605.3,211.83999999999997,26.90000000000009,1,2,1.0
732,1,496.93,605.1,208.77000000000004,22.5,1,2,1.0
733,1,495.8,605.5,213.3,22.200000000000045,1,2,1.0
734,1,495.48,606.7,212.72000000000003,19.399999999999977,1,2,1.0
735,1,497.45,605.4,208.95,23.200000000000045,1,2,1.0
736,1,497.05,605.2,209.24999999999994,21.899999999999977,1,2,1.0
737,1,498.89,603.9,208.01,22.5,1,2,1.0
738,1,501.78,606.74,204.42000000000007,21.059999999999945,1,2,1.0
739,1,498.96,604.2,206.14000000000004,23.799999999999955,1,2,1.0
740,1,496.49,606.7,208.30999999999995,19.5,1,2,1.0
741,1,496.28,604.0,213.82000000000005,22.799999999999955,1,2,1.0
742,1,496.0,602.9,215.10000000000002,23.600000000000023,1,2,1.0
743,1,497.53,602.8,213.87,26.600000000000023,1,2,1.0
744,1,500.13,603.4,210.47000000000003,23.800000000000068,1,2,1.0
745,1,499.55,602.1,211.24999999999994,25.199999999999932,1,2,1.0
746,1,497.42,602.5,215.18,26.299999999999955,1,2,1.0
747,1,497.65,603.7,214.05000000000007,22.699999999999932,1,2,1.0
748,1,496.67,604.3,214.03000000000003,22.800000000000068,1,2,1.0
749,1,499.71,602.2,209.89000000000004,32.59999999999991,1,2,1.0
749,11,512.82,623.2,11.17999999999995,11.669999999999959,1,1,1.0
750,1,498.08,602.2,216.02000000000004,22.699999999999932,1,2,1.0
750,11,511.93,623.88,12.770000000000039,11.419999999999959,1,1,1.0
751,1,499.1,601.9,214.89999999999998,26.300000000000068,1,2,1.0
751,11,517.56,630.54,9.240000000000009,8.960000000000036,1,1,1.0
752,1,497.26,603.3,216.64,24.5,1,2,1.0
752,11,512.26,625.39,16.039999999999964,12.610000000000014,1,1,1.0
753,1,497.78,599.8,216.82000000000005,28.40000000000009,1,2,1.0
753,11,519.48,630.5,10.620000000000005,7.6299999999999955,1,1,1.0
754,1,496.58,605.1,213.92000000000002,22.100000000000023,1,2,1.0
754,11,513.26,625.65,21.24000000000001,16.350000000000023,1,1,1.0
755,1,500.02,607.2,208.08000000000004,18.5,1,2,1.0
755,11,517.61,629.07,18.99000000000001,14.029999999999973,1,1,1.0
756,1,498.83,606.8,208.27000000000004,21.0,1,2,1.0
756,11,519.13,630.47,25.269999999999982,14.529999999999973,1,1,1.0
757,1,499.03,606.8,206.17000000000007,22.100000000000023,1,2,1.0
757,11,523.1,632.23,25.220000000000027,12.669999999999959,1,1,1.0
758,1,498.73,607.6,206.97000000000003,21.799999999999955,1,2,1.0
758,11,521.2,631.14,31.139999999999986,15.360000000000014,1,1,1.0
759,1,500.87,603.5,211.52999999999997,24.100000000000023,1,2,1.0
759,11,521.0,632.18,35.15999999999997,13.220000000000027,1,1,1.0
760,1,499.14,605.5,205.06000000000006,24.299999999999955,1,2,1.0
760,11,521.4,630.38,36.39999999999998,15.220000000000027,1,1,1.0
761,1,501.83,606.0,200.37000000000006,26.5,1,2,1.0
761,11,522.6,631.37,35.73000000000002,15.330000000000041,1,1,1.0
762,1,499.5,606.2,207.10000000000002,24.59999999999991,1,2,1.0
762,11,530.0,632.83,35.57000000000005,15.269999999999982,1,1,1.0
763,1,502.68,608.0,199.42000000000002,22.700000000000045,1,2,1.0
763,11,534.2,631.01,38.92999999999995,18.889999999999986,1,1,1.0
764,1,500.77,607.5,205.93000000000006,23.600000000000023,1,2,1.0
764,11,533.3,632.08,38.190000000000055,17.219999999999914,1,1,1.0
765,1,501.49,607.8,206.71000000000004,23.200000000000045,1,2,1.0
765,11,520.7,632.95,54.1099999999999,15.449999999999932,1,1,1.0
766,1,498.86,607.7,207.93999999999994,24.799999999999955,1,2,1.0
766,11,535.2,633.03,48.370000000000005,17.769999999999982,1,1,1.0
767,1,502.66,608.2,202.33999999999997,22.299999999999955,1,2,1.0
767,11,539.9,632.83,50.79000000000008,16.870000000000005,1,1,1.0
767,12,522.48,630.82,22.519999999999982,15.779999999999973,1,1,1.0
768,1,500.82,609.1,206.57999999999998,21.5,1,2,1.0
768,11,543.6,633.29,49.57999999999993,16.610000000000014,1,1,1.0
768,12,526.8,632.99,22.540000000000077,15.809999999999945,1,1,1.0
769,1,504.44,609.3,203.35999999999996,23.200000000000045,1,2,1.0
769,11,548.4,631.69,46.89999999999998,21.709999999999923,1,1,1.0
769,12,527.1,633.77,24.409999999999968,15.800000000000068,1,1,1.0
770,1,503.42,609.5,203.87999999999994,19.799999999999955,1,2,1.0
770,11,545.8,634.12,44.8900000000001,18.08000000000004,1,1,1.0
770,12,528.3,635.93,22.120000000000005,15.07000000000005,1,1,1.0
771,1,507.08,610.7,192.42000000000002,20.59999999999991,1,2,1.0
771,11,553.9,629.69,48.35000000000002,26.209999999999923,1,1,1.0
771,12,532.6,632.37,21.850000000000023,23.92999999999995,1,1,1.0
772,1,504.31,608.4,197.39000000000004,23.200000000000045,1,2,1.0
772,11,555.3,626.35,47.370000000000005,29.549999999999955,1,1,1.0
772,12,534.15,632.22,21.850000000000023,23.92999999999995,1,1,1.0
773,1,502.1,611.4,202.05999999999995,21.600000000000023,1,2,1.0
773,11,559.0,625.71,42.57000000000005,28.99000000000001,1,1,1.0
773,12,534.0,632.22,24.480000000000018,23.279999999999973,1,1,1.0
774,1,504.75,610.11,197.25,23.789999999999964,1,2,1.0
774,11,555.0,626.7,49.35000000000002,30.829999999999927,1,1,1.0
774,12,534.16,637.79,20.24000000000001,17.710000000000036,1,1,1.0
775,1,504.45,608.38,201.35999999999996,23.720000000000027,1,2,1.0
775,11,556.54,626.61,53.09000000000003,30.110000000000014,1,1,1.0
775,12,534.62,640.12,20.24000000000001,15.379999999999995,1,1,1.0
776,1,504.7,609.11,199.14000000000004,24.68999999999994,1,2,1.0
776,11,563.3,626.53,50.50999999999999,31.370000000000005,1,1,1.0
776,12,536.5,639.03,14.799999999999955,16.970000000000027,1,1,1.0
777,1,503.29,607.55,202.8,22.350000000000023,1,2,1.0
777,11,563.7,623.85,58.45999999999992,31.649999999999977,1,1,1.0
777,12,537.9,634.54,19.600000000000023,19.56000000000006,1,1,1.0
778,1,495.42,608.4,205.00999999999993,18.50999999999999,1,2,1.0
778,11,565.0,626.55,55.52999999999997,29.450000000000045,1,1,1.0
778,12,536.0,638.41,10.190000000000055,9.290000000000077,1,1,1.0
779,1,493.19,610.6,211.08999999999997,17.769999999999982,1,2,1.0
779,11,571.58,624.36,68.75,32.299999999999955,1,1,1.0
779,12,528.1,636.24,10.18999999999994,9.289999999999964,1,1,1.0
780,1,497.92,609.5,200.67000000000002,20.100000000000023,1,2,1.0
780,11,581.6,625.24,56.40999999999997,29.960000000000036,1,1,1.0
781,1,493.1,606.4,210.24,22.00999999999999,1,2,1.0
781,11,580.4,626.66,55.47000000000003,30.639999999999986,1,1,1.0
782,1,492.5,604.7,205.29999999999995,27.899999999999977,1,2,1.0
782,11,587.1,626.71,54.43999999999994,30.589999999999918,1,1,1.0
783,1,489.8,605.2,209.8,26.049999999999955,1,2,1.0
783,11,592.9,628.46,51.99000000000001,27.139999999999986,1,1,1.0
784,1,492.3,604.5,203.50999999999993,26.220000000000027,1,2,1.0
784,11,600.2,630.08,49.26999999999998,25.120000000000005,1,1,1.0
785,1,493.5,602.5,205.82000000000005,27.529999999999973,1,2,1.0
785,11,598.2,629.72,56.15999999999997,25.579999999999927,1,1,1.0
786,1,493.16,603.6,208.58999999999997,25.159999999999968,1,2,1.0
786,11,601.2,631.95,55.539999999999964,24.649999999999977,1,1,1.0
787,1,490.67,603.3,210.74999999999994,25.430000000000064,1,2,1.0
787,11,599.9,629.84,63.77999999999997,23.360000000000014,1,1,1.0
788,1,495.38,605.9,207.63,23.639999999999986,1,2,1.0
788,11,600.7,630.51,61.44999999999993,22.289999999999964,1,1,1.0
789,1,494.44,606.2,210.15000000000003,22.00999999999999,1,2,1.0
789,11,600.1,628.16,63.789999999999964,24.139999999999986,1,1,1.0
790,1,493.66,606.8,212.54000000000002,21.24000000000001,1,2,1.0
790,11,600.6,629.29,66.88,24.910000000000082,1,1,1.0
791,1,496.47,606.9,210.92999999999995,18.420000000000073,1,2,1.0
791,11,619.7,633.02,51.379999999999995,14.879999999999995,1,1,1.0
792,1,497.92,606.6,204.68,21.74000000000001,1,2,1.0
792,11,621.3,633.35,48.34000000000003,13.850000000000023,1,1,1.0
793,1,498.1,605.4,207.5,25.58000000000004,1,2,1.0
793,11,633.0,630.32,42.02999999999997,15.279999999999973,1,1,1.0
794,1,497.84,605.5,205.87000000000006,24.590000000000032,1,2,1.0
794,11,631.6,631.53,39.26999999999998,11.57000000000005,1,1,1.0
795,1,499.89,601.4,209.40999999999997,31.0,1,2,1.0
795,11,638.3,631.28,39.59000000000003,11.32000000000005,1,1,1.0
796,1,500.87,602.1,211.02999999999997,30.340000000000032,1,2,1.0
796,11,636.88,629.72,31.720000000000027,14.779999999999973,1,1,1.0
797,1,499.29,601.0,212.10999999999996,30.220000000000027,1,2,1.0
797,11,637.64,629.47,29.25999999999999,18.42999999999995,1,1,1.0
798,1,504.28,601.1,205.32000000000005,31.159999999999968,1,2,1.0
798,11,651.32,632.31,12.079999999999927,11.490000000000009,1,1,1.0
799,1,503.05,600.1,213.65000000000003,33.40999999999997,1,2,1.0
799,11,652.65,633.15,9.350000000000023,7.850000000000023,1,1,1.0
800,1,502.25,602.4,208.75,31.980000000000018,1,2,1.0
801,1,504.72,602.1,204.27999999999997,30.319999999999936,1,2,1.0
802,1,506.02,604.2,204.68000000000006,29.74000000000001,1,2,1.0
803,1,505.98,606.2,199.72000000000003,28.6099999999999,1,2,1.0
804,1,506.57,603.5,209.32999999999998,34.59000000000003,1,2,1.0
805,1,505.93,604.3,205.77000000000004,33.85000000000002,1,2,1.0
806,1,507.56,606.9,197.88000000000005,31.620000000000005,1,2,1.0
807,1,509.71,607.6,193.25000000000006,30.399999999999977,1,2,1.0
808,1,508.13,608.9,196.52999999999997,29.620000000000005,1,2,1.0
809,1,506.8,608.3,196.09999999999997,27.420000000000073,1,2,1.0
810,1,506.21,608.3,197.19,27.270000000000095,1,2,1.0
811,1,506.24,608.8,197.84000000000003,26.25999999999999,1,2,1.0
812,1,506.72,605.4,194.61,28.850000000000023,1,2,1.0
813,1,504.52,607.4,196.15999999999997,23.159999999999968,1,2,1.0
814,1,504.56,605.8,199.79000000000002,25.8900000000001,1,2,1.0
815,1,504.73,605.2,199.26999999999998,25.24000000000001,1,2,1.0
816,1,503.27,606.6,204.73000000000002,25.480000000000018,1,2,1.0
817,1,503.24,605.1,200.36,27.41999999999996,1,2,1.0
818,1,501.96,605.9,202.94,24.670000000000073,1,2,1.0
819,1,503.23,605.6,201.76999999999998,26.5,1,2,1.0
820,1,503.51,603.2,204.06000000000006,28.00999999999999,1,2,1.0
821,1,505.66,603.0,206.18,26.950000000000045,1,2,1.0
822,1,500.92,602.6,209.38999999999993,26.079999999999927,1,2,1.0
823,1,501.61,603.5,210.0,26.519999999999982,1,2,1.0
824,1,501.29,602.3,210.41000000000003,27.210000000000036,1,2,1.0
825,1,499.71,601.0,211.98000000000008,23.860000000000014,1,2,1.0
826,1,500.19,601.3,209.19,23.56000000000006,1,2,1.0
827,1,498.26,598.4,213.49,26.370000000000005,1,2,1.0
828,1,497.44,600.4,213.75000000000006,26.090000000000032,1,2,1.0
829,1,496.52,598.1,213.78999999999996,24.879999999999995,1,2,1.0
830,1,498.06,596.0,216.85999999999996,28.07000000000005,1,2,1.0
831,1,494.35,597.0,218.13,25.25999999999999,1,2,1.0
832,1,490.06,597.5,224.17000000000002,22.950000000000045,1,2,1.0
833,1,487.9,594.0,230.35000000000002,24.600000000000023,1,2,1.0
834,1,490.94,591.7,228.19,29.469999999999914,1,2,1.0
835,1,490.09,592.6,231.38000000000005,25.879999999999995,1,2,1.0
836,1,490.57,589.9,223.58999999999997,27.58000000000004,1,2,1.0
837,1,489.04,590.6,231.38999999999993,28.699999999999932,1,2,1.0
838,1,487.66,589.1,234.58999999999997,28.50999999999999,1,2,1.0
839,1,487.41,588.7,232.39999999999992,28.68999999999994,1,2,1.0
840,1,485.88,587.0,235.75,27.07000000000005,1,2,1.0
841,1,483.62,587.6,240.65999999999997,26.980000000000018,1,2,1.0
842,1,481.61,586.2,245.68999999999994,26.309999999999945,1,2,1.0
843,1,481.69,584.5,245.01000000000005,28.289999999999964,1,2,1.0
844,1,482.51,585.8,244.34000000000003,25.780000000000086,1,2,1.0
845,1,480.81,581.2,249.29000000000002,28.159999999999968,1,2,1.0
846,1,482.13,581.4,246.01999999999998,29.350000000000023,1,2,1.0
847,1,482.52,580.9,247.27999999999997,27.360000000000014,1,2,1.0
848,1,480.26,578.3,256.74,28.83000000000004,1,2,1.0
849,1,478.52,578.4,255.57000000000005,31.360000000000014,1,2,1.0
850,1,476.21,577.6,256.33,28.129999999999995,1,2,1.0
851,1,475.25,573.3,259.15,32.91000000000008,1,2,1.0
852,1,477.15,571.9,260.07000000000005,32.55000000000007,1,2,1.0
853,1,476.46,573.4,253.98000000000008,30.32000000000005,1,2,1.0
854,1,475.65,572.6,260.45000000000005,33.039999999999964,1,2,1.0
855,1,475.23,573.7,264.79999999999995,28.799999999999955,1,2,1.0
856,1,470.86,574.5,264.03999999999996,25.860000000000014,1,2,1.0
857,1,468.77,572.9,271.70000000000005,28.529999999999973,1,2,1.0
858,1,469.67,571.1,272.94,30.289999999999964,1,2,1.0
859,1,468.49,571.1,272.93999999999994,27.629999999999995,1,2,1.0
860,1,466.38,571.5,274.38,27.450000000000045,1,2,1.0
861,1,464.95,569.2,277.97999999999996,32.08999999999992,1,2,1.0
862,1,465.56,569.2,280.84999999999997,28.779999999999973,1,2,1.0
863,1,464.45,568.0,289.33,28.67999999999995,1,2,1.0
864,1,464.79,568.4,284.17,29.350000000000023,1,2,1.0
865,1,466.54,566.5,285.86999999999995,30.519999999999982,1,2,1.0
866,1,465.83,566.1,285.56,30.209999999999923,1,2,1.0
867,1,467.59,564.0,281.46999999999997,35.08000000000004,1,2,1.0
868,1,462.58,561.3,290.22999999999996,35.5,1,2,1.0
869,1,465.48,560.0,285.3299999999999,35.74000000000001,1,2,1.0
870,1,468.57,562.4,284.46999999999997,33.360000000000014,1,2,1.0
871,1,468.03,563.1,284.43000000000006,33.620000000000005,1,2,1.0
872,1,462.14,564.3,294.74,31.030000000000086,1,2,1.0
873,1,460.11,563.6,294.77,30.75999999999999,1,2,1.0
874,1,462.35,561.9,293.53999999999996,33.74000000000001,1,2,1.0
875,1,458.69,562.1,295.09999999999997,32.799999999999955,1,2,1.0
876,1,462.7,562.9,292.44,29.700000000000045,1,2,1.0
877,1,457.75,564.8,297.23,26.40000000000009,1,2,1.0
878,1,459.18,563.4,296.3,29.930000000000064,1,2,1.0
879,1,457.84,563.3,295.67,28.200000000000045,1,2,1.0
880,1,458.29,564.1,298.59,26.120000000000005,1,2,1.0
881,1,459.2,562.7,298.59999999999997,27.25999999999999,1,2,1.0
882,1,456.24,562.4,301.89,28.899999999999977,1,2,1.0
883,1,455.82,562.0,302.95,26.799999999999955,1,2,1.0
884,1,450.89,559.7,304.32000000000005,28.969999999999914,1,2,1.0
885,1,450.41,560.8,306.25999999999993,25.629999999999995,1,2,1.0
886,1,447.66,560.3,310.05,27.920000000000073,1,2,1.0
887,1,449.54,562.4,304.81,27.210000000000036,1,2,1.0
888,1,448.76,558.8,314.34000000000003,29.99000000000001,1,2,1.0
889,1,450.55,560.1,312.55,28.279999999999973,1,2,1.0
890,1,449.34,558.5,310.96,29.409999999999968,1,2,1.0
891,1,452.63,558.5,309.46000000000004,28.07000000000005,1,2,1.0
892,1,442.8,558.0,321.2,28.970000000000027,1,2,1.0
893,1,443.39,559.3,317.40999999999997,29.530000000000086,1,2,1.0
894,1,448.77,558.9,311.73,31.389999999999986,1,2,1.0
895,1,443.71,556.1,324.09,29.17999999999995,1,2,1.0
896,1,451.16,556.9,312.44,30.409999999999968,1,2,1.0
896,13,503.08,607.66,18.589999999999975,15.240000000000009,1,1,1.0
897,1,448.33,557.4,316.96999999999997,26.909999999999968,1,2,1.0
897,13,502.54,606.73,20.80000000000001,15.819999999999936,1,1,1.0
898,1,442.72,555.3,315.56999999999994,28.940000000000055,1,2,1.0
898,13,502.0,605.8,23.00999999999999,16.40000000000009,1,1,1.0
899,1,442.11,554.7,313.51,32.299999999999955,1,2,1.0
899,13,501.74,603.66,35.559999999999945,23.540000000000077,1,1,1.0
900,1,442.96,555.5,312.52000000000004,27.559999999999945,1,2,1.0
900,13,499.12,605.12,40.379999999999995,22.480000000000018,1,1,1.0
901,1,440.92,554.9,315.8,29.090000000000032,1,2,1.0
901,13,498.94,607.87,32.96999999999997,22.75999999999999,1,1,1.0
902,1,446.44,554.1,310.22999999999996,29.42999999999995,1,2,1.0
902,13,499.32,605.13,42.599999999999966,27.389999999999986,1,1,1.0
903,1,467.31,556.0,291.14000000000004,27.519999999999982,1,2,1.0
903,13,499.74,604.18,39.460000000000036,29.120000000000005,1,1,1.0
904,1,467.69,553.9,292.88000000000005,32.889999999999986,1,2,1.0
904,13,499.75,601.97,40.85000000000002,35.02999999999997,1,1,1.0
904,14,478.43,596.59,19.110000000000014,10.029999999999973,1,1,1.0
905,1,447.76,556.7,312.02,26.719999999999914,1,2,1.0
905,13,504.26,601.76,36.74000000000001,33.940000000000055,1,1,1.0
905,14,484.2,596.78,18.930000000000007,14.120000000000005,1,1,1.0
906,1,445.04,556.8,312.06,27.850000000000023,1,2,1.0
906,13,505.28,603.85,36.51999999999998,31.949999999999932,1,1,1.0
906,14,481.58,593.99,24.58000000000004,17.309999999999945,1,1,1.0
907,1,449.34,556.5,307.76000000000005,28.5,1,2,1.0
907,13,509.48,603.29,36.64999999999998,34.09000000000003,1,1,1.0
907,14,482.8,592.43,23.029999999999973,19.440000000000055,1,1,1.0
908,1,470.52,557.6,292.38,27.43999999999994,1,2,1.0
908,13,507.48,602.06,40.72000000000003,38.440000000000055,1,1,1.0
908,14,484.87,593.47,23.310000000000002,19.100000000000023,1,1,1.0
909,1,444.85,556.7,316.25,26.629999999999995,1,2,1.0
909,13,511.04,597.59,47.81999999999999,38.77999999999997,1,1,1.0
909,14,483.91,592.09,28.609999999999957,21.980000000000018,1,1,1.0
910,1,445.7,556.6,317.00000000000006,27.43999999999994,1,2,1.0
910,13,511.34,597.91,46.46999999999997,39.26999999999998,1,1,1.0
910,14,485.52,593.12,25.689999999999998,22.07000000000005,1,1,1.0
911,1,445.38,556.4,319.32000000000005,23.870000000000005,1,2,1.0
911,13,512.69,596.58,49.809999999999945,40.219999999999914,1,1,1.0
911,14,485.33,588.04,33.63000000000005,27.74000000000001,1,1,1.0
912,1,447.15,559.8,312.35,21.840000000000032,1,2,1.0
912,13,514.73,596.26,56.26999999999998,39.639999999999986,1,1,1.0
912,14,489.86,589.77,29.460000000000036,27.170000000000073,1,1,1.0
913,1,449.51,560.4,308.16999999999996,22.370000000000005,1,2,1.0
913,13,512.19,593.89,58.729999999999905,43.190000000000055,1,1,1.0
913,14,494.34,586.5,28.560000000000002,30.440000000000055,1,1,1.0
914,1,445.17,554.5,311.82,28.120000000000005,1,2,1.0
914,13,516.0,595.58,59.549999999999955,37.20999999999992,1,1,1.0
914,14,494.0,586.3,35.700000000000045,31.170000000000073,1,1,1.0
915,1,448.79,553.5,303.95,32.14999999999998,1,2,1.0
915,13,518.0,598.5,57.07000000000005,31.91999999999996,1,1,1.0
915,14,493.67,593.3,34.12999999999994,24.700000000000045,1,1,1.0
916,1,445.33,557.3,312.59,27.930000000000064,1,2,1.0
916,13,528.14,598.61,46.860000000000014,27.889999999999986,1,1,1.0
916,14,495.16,590.9,38.94,28.0,1,1,1.0
917,1,443.36,555.9,311.22,28.24000000000001,1,2,1.0
917,13,530.49,601.55,50.309999999999945,25.25,1,1,1.0
917,14,497.71,588.5,34.29000000000002,32.07000000000005,1,1,1.0
918,1,444.46,559.7,313.83,22.75999999999999,1,2,1.0
918,13,532.12,601.83,45.48000000000002,20.66999999999996,1,1,1.0
918,14,500.25,591.8,52.85000000000002,30.450000000000045,1,1,1.0
919,1,444.64,557.9,312.63,27.470000000000027,1,2,1.0
919,13,544.45,597.46,36.549999999999955,26.039999999999964,1,1,1.0
919,14,501.56,587.36,62.86999999999995,30.83000000000004,1,1,1.0
920,1,450.14,559.5,305.53,26.600000000000023,1,2,1.0
920,13,547.5,599.82,37.39999999999998,24.17999999999995,1,1,1.0
920,14,495.12,584.34,74.92999999999995,38.92999999999995,1,1,1.0
921,1,448.72,558.1,309.29999999999995,23.25,1,2,1.0
921,13,544.97,598.5,42.629999999999995,25.899999999999977,1,1,1.0
921,14,497.79,585.59,91.05000000000001,33.969999999999914,1,1,1.0
922,1,446.56,558.0,310.33,23.450000000000045,1,2,1.0
922,13,567.76,596.5,21.139999999999986,17.100000000000023,1,1,1.0
922,14,504.5,585.4,70.29999999999995,22.800000000000068,1,1,1.0
922,15,495.4,610.97,32.02999999999997,8.769999999999982,1,1,1.0
923,1,440.7,560.0,317.89000000000004,25.309999999999945,1,2,1.0
923,13,576.0,596.18,13.769999999999982,8.82000000000005,1,1,1.0
923,14,501.7,584.16,63.19999999999999,24.74000000000001,1,1,1.0
923,15,497.2,609.16,31.52000000000004,11.639999999999986,1,1,1.0
924,1,443.46,559.8,317.26000000000005,23.31000000000006,1,2,1.0
924,13,582.8,595.46,7.860000000000014,6.839999999999918,1,1,1.0
924,14,505.87,585.75,56.65999999999997,22.059999999999945,1,1,1.0
924,15,496.54,609.08,34.85999999999996,11.919999999999959,1,1,1.0
925,1,442.15,557.0,317.38,25.879999999999995,1,2,1.0
925,14,504.0,586.05,62.39999999999998,22.950000000000045,1,1,1.0
925,15,493.62,609.75,39.58000000000004,11.049999999999955,1,1,1.0
926,1,443.97,556.1,311.36,26.41999999999996,1,2,1.0
926,14,502.35,589.4,61.44999999999993,18.5,1,1,1.0
926,15,499.3,610.52,17.599999999999966,8.980000000000018,1,1,1.0
927,1,452.85,553.2,304.93999999999994,29.769999999999982,1,2,1.0
927,14,502.08,588.77,58.420000000000016,20.629999999999995,1,1,1.0
927,15,493.72,608.48,34.57999999999993,13.620000000000005,1,1,1.0
928,1,437.49,557.9,322.14,24.07000000000005,1,2,1.0
928,14,501.92,590.81,57.97999999999996,15.3900000000001,1,1,1.0
928,15,498.4,611.0,41.5,11.0,1,1,1.0
929,1,452.63,552.2,305.27,30.199999999999932,1,2,1.0
929,14,499.3,589.61,63.30000000000001,16.49000000000001,1,1,1.0
929,15,521.89,613.33,17.210000000000036,9.169999999999959,1,1,1.0
930,1,439.01,556.8,320.34000000000003,25.81000000000006,1,2,1.0
930,14,498.59,590.03,58.61000000000007,17.769999999999982,1,1,1.0
930,15,510.5,612.81,31.440000000000055,10.490000000000009,1,1,1.0
931,1,443.4,554.3,316.24,33.870000000000005,1,2,1.0
931,14,503.36,588.59,66.24000000000001,18.309999999999945,1,1,1.0
931,15,513.08,612.8,30.120000000000005,10.759999999999991,1,1,1.0
932,1,444.09,553.7,314.63000000000005,28.18999999999994,1,2,1.0
932,14,498.93,590.63,51.86999999999995,18.07000000000005,1,1,1.0
933,1,447.26,551.1,313.28,29.159999999999968,1,2,1.0
933,14,498.14,590.67,48.460000000000036,17.430000000000064,1,1,1.0
934,1,445.3,553.8,316.09999999999997,30.5,1,2,1.0
934,14,490.0,590.4,50.799999999999955,18.300000000000068,1,1,1.0
935,1,444.54,554.7,316.75999999999993,32.51999999999998,1,2,1.0
935,14,483.64,590.53,56.860000000000014,17.970000000000027,1,1,1.0
936,1,446.65,552.0,315.15,34.50999999999999,1,2,1.0
936,14,489.32,590.31,46.97999999999996,17.090000000000032,1,1,1.0
937,1,448.44,551.3,314.06,37.030000000000086,1,2,1.0
937,14,486.7,589.55,41.170000000000016,22.15000000000009,1,1,1.0
938,1,448.1,558.6,309.1,32.799999999999955,1,2,1.0
938,14,494.8,590.45,34.04000000000002,19.34999999999991,1,1,1.0
938,16,475.42,592.28,10.069999999999993,7.230000000000018,1,1,1.0
939,1,447.09,557.9,311.61000000000007,28.720000000000027,1,2,1.0
939,14,486.5,588.31,47.690000000000055,22.590000000000032,1,1,1.0
939,16,473.6,589.96,15.5,12.639999999999986,1,1,1.0
940,1,444.17,555.1,312.22999999999996,28.480000000000018,1,2,1.0
940,14,499.1,588.77,34.569999999999936,20.029999999999973,1,1,1.0
940,16,471.3,585.31,22.95999999999998,20.090000000000032,1,1,1.0
941,1,445.01,559.4,309.28999999999996,23.99000000000001,1,2,1.0
941,14,498.9,589.67,36.60000000000002,19.129999999999995,1,1,1.0
941,16,464.1,584.79,30.94999999999999,18.31000000000006,1,1,1.0
942,1,448.92,555.94,311.97999999999996,29.159999999999968,1,2,1.0
942,14,513.9,593.25,15.629999999999995,9.549999999999955,1,1,1.0
942,16,463.4,584.62,36.94,17.480000000000018,1,1,1.0
943,1,462.7,555.7,300.43,30.6099999999999,1,2,1.0
943,14,508.58,589.15,39.52000000000004,10.950000000000045,1,1,1.0
943,16,473.9,578.82,26.980000000000018,24.879999999999995,1,1,1.0
944,1,425.39,550.4,330.31000000000006,36.700000000000045,1,2,1.0
944,14,504.79,587.22,17.910000000000025,11.67999999999995,1,1,1.0
944,16,476.9,578.47,33.74000000000001,23.829999999999927,1,1,1.0
945,1,424.1,548.1,321.5,39.819999999999936,1,2,1.0
945,14,506.38,587.47,17.91999999999996,11.230000000000018,1,1,1.0
945,16,484.5,576.77,31.899999999999977,22.730000000000018,1,1,1.0
945,17,437.81,561.52,18.74000000000001,12.720000000000027,1,1,1.0
945,18,460.51,575.21,22.610000000000014,13.769999999999982,1,1,1.0
946,1,439.4,541.7,305.4,52.25,1,2,1.0
946,14,513.37,585.02,15.42999999999995,10.180000000000064,1,1,1.0
946,16,493.3,575.48,22.319999999999993,17.519999999999982,1,1,1.0
946,17,446.5,560.56,17.730000000000018,10.040000000000077,1,1,1.0
946,18,463.3,573.34,21.069999999999993,15.959999999999923,1,1,1.0
947,1,401.0,530.0,342.20000000000005,62.360000000000014,1,2,1.0
947,19,561.21,599.25,9.67999999999995,8.299999999999955,1,1,1.0
947,16,499.5,578.58,25.159999999999968,16.519999999999982,1,1,1.0
947,17,460.2,557.92,24.660000000000025,12.680000000000064,1,1,1.0
947,18,464.4,572.4,22.30000000000001,20.200000000000045,1,1,1.0
948,1,390.9,524.1,355.26,70.38999999999999,1,2,1.0
948,19,567.48,596.15,14.819999999999936,9.350000000000023,1,1,1.0
948,16,514.99,577.55,25.149999999999977,16.520000000000095,1,1,1.0
948,17,455.9,553.6,31.120000000000005,15.100000000000023,1,1,1.0
948,18,467.8,568.66,28.110000000000014,24.74000000000001,1,1,1.0
949,1,387.4,521.5,352.1,69.10000000000002,1,2,1.0
949,19,575.6,594.99,13.639999999999986,11.110000000000014,1,1,1.0
949,17,460.7,554.08,33.04000000000002,16.819999999999936,1,1,1.0
949,18,465.5,577.55,20.269999999999982,16.950000000000045,1,1,1.0
950,1,393.2,527.1,347.39000000000004,65.61000000000001,1,2,1.0
950,19,572.08,592.93,21.41999999999996,13.170000000000073,1,1,1.0
950,17,468.14,551.68,33.04000000000002,16.82000000000005,1,1,1.0
950,18,464.7,575.21,22.629999999999995,18.49000000000001,1,1,1.0
951,1,405.89,532.4,333.39,59.27999999999997,1,2,1.0
951,19,568.23,591.78,32.370000000000005,14.120000000000005,1,1,1.0
951,17,468.86,551.92,33.039999999999964,16.82000000000005,1,1,1.0
951,18,465.0,572.56,26.379999999999995,20.6400000000001,1,1,1.0
952,1,397.9,530.0,343.24,61.77999999999997,1,2,1.0
952,19,570.54,591.21,38.25999999999999,14.889999999999986,1,1,1.0
952,17,467.4,552.16,43.14000000000004,18.24000000000001,1,1,1.0
952,18,465.36,571.78,27.889999999999986,21.920000000000073,1,1,1.0
953,1,395.15,530.8,348.70000000000005,61.0,1,2,1.0
953,19,563.5,591.18,47.25,16.82000000000005,1,1,1.0
953,17,472.44,555.04,43.14000000000004,13.160000000000082,1,1,1.0
954,1,402.8,534.8,342.58,53.73000000000002,1,2,1.0
954,19,568.86,590.11,54.93999999999994,18.590000000000032,1,1,1.0
954,17,469.56,556.0,43.14000000000004,15.100000000000023,1,1,1.0
955,1,409.2,539.0,338.2,49.0,1,2,1.0
955,19,552.3,589.33,72.24000000000001,19.969999999999914,1,1,1.0
955,17,461.16,556.0,50.539999999999964,15.799999999999955,1,1,1.0
956,1,409.8,539.2,336.82,45.34999999999991,1,2,1.0
956,19,570.92,591.49,59.48000000000002,18.309999999999945,1,1,1.0
956,17,467.4,558.88,47.42000000000007,15.799999999999955,1,1,1.0
957,1,416.6,545.5,335.37,35.08000000000004,1,2,1.0
957,19,560.05,589.61,85.85000000000002,23.389999999999986,1,1,1.0
957,17,472.4,560.8,37.14000000000004,15.800000000000068,1,1,1.0
957,20,450.06,561.06,22.110000000000014,16.5,1,1,1.0
958,1,426.9,544.7,329.36,36.639999999999986,1,2,1.0
958,19,568.69,588.01,77.1099999999999,23.789999999999964,1,1,1.0
958,17,468.5,563.37,49.110000000000014,19.230000000000018,1,1,1.0
958,20,450.29,560.39,22.099999999999966,16.50999999999999,1,1,1.0
959,1,421.7,544.3,336.21999999999997,35.1400000000001,1,2,1.0
959,19,580.39,590.13,80.50999999999999,24.970000000000027,1,1,1.0
959,17,471.5,564.31,49.40999999999997,15.490000000000009,1,1,1.0
959,20,449.17,565.97,22.109999999999957,16.5,1,1,1.0
960,1,427.8,545.2,334.04,31.0,1,2,1.0
960,19,583.35,588.1,79.64999999999998,28.899999999999977,1,1,1.0
960,17,471.5,561.73,49.14999999999998,20.269999999999982,1,1,1.0
960,20,449.17,565.91,23.789999999999964,16.440000000000055,1,1,1.0
961,1,452.4,544.7,313.44000000000005,32.49000000000001,1,2,1.0
961,19,585.87,587.67,74.83000000000004,28.030000000000086,1,1,1.0
961,17,475.27,564.19,53.33000000000004,16.50999999999999,1,1,1.0
961,20,449.17,565.85,25.46999999999997,16.389999999999986,1,1,1.0
962,1,431.5,545.0,340.04999999999995,30.710000000000036,1,2,1.0
962,19,592.1,586.93,72.5,28.170000000000073,1,1,1.0
962,17,477.14,564.47,52.56000000000006,15.029999999999973,1,1,1.0
962,20,449.17,565.8,27.149999999999977,16.32000000000005,1,1,1.0
963,1,428.3,543.9,334.85999999999996,30.540000000000077,1,2,1.0
963,19,593.93,586.83,72.87,27.769999999999982,1,1,1.0
963,17,483.4,563.7,55.710000000000036,16.399999999999977,1,1,1.0
963,20,449.17,565.74,28.829999999999984,16.25999999999999,1,1,1.0
964,1,423.1,542.5,350.55999999999995,30.899999999999977,1,2,1.0
964,19,600.88,584.99,72.82000000000005,27.710000000000036,1,1,1.0
964,17,503.7,564.18,40.69999999999999,16.120000000000005,1,1,1.0
964,20,451.9,562.5,52.900000000000034,20.279999999999973,1,1,1.0
965,1,420.2,543.0,348.24000000000007,29.889999999999986,1,2,1.0
965,19,600.9,585.61,80.89999999999998,28.889999999999986,1,1,1.0
965,17,505.1,566.09,34.5,13.610000000000014,1,1,1.0
965,20,474.0,566.48,30.829999999999984,13.419999999999959,1,1,1.0
966,1,417.0,538.9,356.41999999999996,35.139999999999986,1,2,1.0
966,19,601.22,587.25,86.17999999999995,28.049999999999955,1,1,1.0
966,17,500.9,564.89,51.92000000000007,15.31000000000006,1,1,1.0
966,20,477.86,567.5,26.339999999999975,15.490000000000009,1,1,1.0
967,1,428.4,540.5,342.47,34.72000000000003,1,2,1.0
967,19,600.02,588.42,92.88,31.879999999999995,1,1,1.0
967,17,511.86,565.38,43.34000000000003,16.32000000000005,1,1,1.0
967,20,485.7,565.71,23.189999999999998,13.789999999999964,1,1,1.0
967,21,454.07,567.64,25.94999999999999,16.930000000000064,1,1,1.0
968,1,424.5,540.8,346.98,32.66000000000008,1,2,1.0
968,19,606.53,590.08,88.97000000000003,27.91999999999996,1,1,1.0
968,17,520.17,565.63,37.629999999999995,14.370000000000005,1,1,1.0
968,20,485.06,567.4,21.139999999999986,14.620000000000005,1,1,1.0
968,21,453.38,566.9,30.819999999999993,17.670000000000073,1,1,1.0
969,1,420.1,540.3,346.51,34.05000000000007,1,2,1.0
969,19,633.53,592.55,68.67000000000007,29.25,1,1,1.0
969,17,513.85,562.76,49.64999999999998,18.039999999999964,1,1,1.0
969,20,493.6,563.64,14.159999999999968,13.06000000000006,1,1,1.0
969,21,452.7,564.48,26.660000000000025,21.120000000000005,1,1,1.0
970,1,422.4,538.3,344.43000000000006,36.629999999999995,1,2,1.0
970,19,599.61,590.47,108.09000000000003,32.52999999999997,1,1,1.0
970,17,523.77,565.72,42.930000000000064,15.279999999999973,1,1,1.0
970,20,496.8,561.36,18.189999999999998,13.639999999999986,1,1,1.0
970,21,457.26,562.23,28.639999999999986,25.66999999999996,1,1,1.0
971,1,419.1,538.7,347.66999999999996,35.979999999999905,1,2,1.0
971,19,650.31,596.15,57.8900000000001,22.950000000000045,1,1,1.0
971,17,531.8,565.2,44.0,15.399999999999977,1,1,1.0
971,20,502.02,562.03,18.190000000000055,13.639999999999986,1,1,1.0
971,21,447.3,558.91,41.39999999999998,28.290000000000077,1,1,1.0
972,1,417.1,536.7,349.29999999999995,37.50999999999999,1,2,1.0
972,19,656.87,597.71,53.52999999999997,21.789999999999964,1,1,1.0
972,17,564.0,567.9,32.200000000000045,17.5,1,1,1.0
972,21,453.54,571.71,31.96999999999997,19.469999999999914,1,1,1.0
972,22,528.27,562.23,43.89999999999998,16.779999999999973,1,1,1.0
972,23,445.23,552.94,44.31,19.729999999999905,1,1,1.0
973,1,413.5,536.7,354.30999999999995,36.229999999999905,1,2,1.0
973,19,657.43,594.09,51.07000000000005,25.409999999999968,1,1,1.0
973,17,566.5,567.6,34.200000000000045,17.899999999999977,1,1,1.0
973,21,454.08,573.46,42.120000000000005,14.839999999999918,1,1,1.0
973,22,534.2,564.81,43.90999999999997,16.780000000000086,1,1,1.0
973,23,456.41,557.88,46.10999999999996,13.879999999999995,1,1,1.0
974,1,416.2,535.0,347.78000000000003,41.50999999999999,1,2,1.0
974,19,669.61,597.61,40.67999999999995,22.75,1,1,1.0
974,17,570.7,569.0,37.59999999999991,16.5,1,1,1.0
974,21,475.9,569.98,30.220000000000027,17.91999999999996,1,1,1.0
974,22,526.5,561.2,51.610000000000014,20.899999999999977,1,1,1.0
974,23,463.1,555.1,36.92999999999995,15.799999999999955,1,1,1.0
975,1,413.4,537.7,348.35,37.8599999999999,1,2,1.0
975,19,669.37,595.6,41.33000000000004,22.699999999999932,1,1,1.0
975,17,572.3,572.0,43.5,17.100000000000023,1,1,1.0
975,21,476.14,569.94,33.160000000000025,19.659999999999968,1,1,1.0
975,22,525.7,563.52,53.69999999999993,15.779999999999973,1,1,1.0
975,23,462.96,555.66,36.93000000000001,15.800000000000068,1,1,1.0
976,1,418.2,535.8,345.51000000000005,42.67000000000007,1,2,1.0
976,19,671.88,596.98,39.22000000000003,20.819999999999936,1,1,1.0
976,17,581.3,572.2,46.5,18.299999999999955,1,1,1.0
976,21,478.94,569.69,35.76000000000005,19.409999999999968,1,1,1.0
976,22,534.5,561.2,55.48000000000002,21.199999999999932,1,1,1.0
976,23,462.82,556.21,36.93000000000001,15.799999999999955,1,1,1.0
977,1,443.2,536.6,319.95,42.20999999999992,1,2,1.0
977,19,692.37,604.41,15.92999999999995,11.790000000000077,1,1,1.0
977,17,578.7,569.2,49.39999999999998,19.59999999999991,1,1,1.0
977,21,479.24,569.25,35.460000000000036,18.850000000000023,1,1,1.0
977,22,532.2,561.72,59.069999999999936,19.379999999999995,1,1,1.0
977,23,467.82,556.77,36.920000000000016,15.800000000000068,1,1,1.0
978,1,442.7,536.3,320.06,38.940000000000055,1,2,1.0
978,19,691.09,604.17,18.709999999999923,11.430000000000064,1,1,1.0
978,17,586.4,568.8,41.80000000000007,19.600000000000023,1,1,1.0
978,21,489.76,569.71,35.539999999999964,18.589999999999918,1,1,1.0
978,22,534.5,563.52,61.40999999999997,18.08000000000004,1,1,1.0
978,23,472.26,555.66,36.93000000000001,15.800000000000068,1,1,1.0
979,1,401.3,534.8,363.10999999999996,39.99000000000001,1,2,1.0
979,19,695.68,602.32,16.420000000000073,11.579999999999927,1,1,1.0
979,17,593.59,570.93,41.50999999999999,17.870000000000005,1,1,1.0
979,21,485.66,570.51,40.63999999999993,16.190000000000055,1,1,1.0
979,22,548.69,563.01,53.90999999999997,16.49000000000001,1,1,1.0
979,23,479.5,559.57,33.26999999999998,10.329999999999927,1,1,1.0
980,1,439.3,535.8,323.34,41.780000000000086,1,2,1.0
980,19,671.19,589.41,40.50999999999999,23.090000000000032,1,1,1.0
980,17,600.73,571.19,43.569999999999936,20.909999999999968,1,1,1.0
980,21,496.34,572.73,36.56,15.370000000000005,1,1,1.0
980,22,550.76,562.49,65.03999999999996,18.309999999999945,1,1,1.0
980,24,458.07,577.72,28.160000000000025,14.970000000000027,1,1,1.0
980,23,486.42,555.66,36.920000000000016,15.800000000000068,1,1,1.0
981,1,419.8,535.2,343.42,43.17999999999995,1,2,1.0
981,19,698.18,602.51,13.720000000000027,10.789999999999964,1,1,1.0
981,17,615.16,576.99,35.940000000000055,13.909999999999968,1,1,1.0
981,21,494.75,571.22,49.35000000000002,21.079999999999927,1,1,1.0
981,22,554.6,566.11,77.72000000000003,20.389999999999986,1,1,1.0
981,24,466.6,582.11,16.00999999999999,12.389999999999986,1,1,1.0
981,23,488.08,555.66,36.93000000000001,15.800000000000068,1,1,1.0
982,1,407.2,533.7,355.53000000000003,40.969999999999914,1,2,1.0
982,17,613.64,574.94,41.860000000000014,17.659999999999968,1,1,1.0
982,21,493.73,570.23,51.870000000000005,17.569999999999936,1,1,1.0
982,22,566.99,564.82,64.30999999999995,20.17999999999995,1,1,1.0
982,24,469.2,579.01,24.25,13.990000000000009,1,1,1.0
982,23,484.8,555.38,49.36999999999995,15.799999999999955,1,1,1.0
983,1,434.2,532.9,325.94,43.930000000000064,1,2,1.0
983,25,479.65,594.96,27.689999999999998,17.299999999999955,1,1,1.0
983,17,614.49,575.44,44.210000000000036,17.159999999999968,1,1,1.0
983,21,509.79,570.01,44.509999999999934,20.690000000000055,1,1,1.0
983,22,574.47,564.82,64.30999999999995,20.17999999999995,1,1,1.0
983,24,468.9,578.75,38.49000000000001,15.049999999999955,1,1,1.0
983,23,481.9,555.92,54.49000000000001,16.280000000000086,1,1,1.0
983,26,452.33,568.64,20.590000000000032,18.720000000000027,1,1,1.0
984,1,400.79,527.11,359.71,48.68999999999994,1,2,1.0
984,25,481.57,593.84,27.95999999999998,16.41999999999996,1,1,1.0
984,17,622.62,579.69,41.27999999999997,15.909999999999968,1,1,1.0
984,21,516.63,570.02,45.16999999999996,16.879999999999995,1,1,1.0
984,22,581.7,565.07,64.30999999999995,20.92999999999995,1,1,1.0
984,24,476.1,574.11,41.10000000000002,17.590000000000032,1,1,1.0
984,23,482.9,555.4,59.14999999999998,16.600000000000023,1,1,1.0
984,27,442.97,564.9,31.049999999999955,12.300000000000068,1,1,1.0
984,26,453.08,575.38,20.58000000000004,15.32000000000005,1,1,1.0
985,1,453.2,533.8,307.40000000000003,42.700000000000045,1,2,1.0
985,25,478.59,593.45,38.95999999999998,19.1099999999999,1,1,1.0
985,17,630.98,579.82,41.41999999999996,19.879999999999995,1,1,1.0
985,28,584.57,585.82,18.529999999999973,11.819999999999936,1,1,1.0
985,21,526.0,570.69,37.299999999999955,21.309999999999945,1,1,1.0
985,22,582.2,563.53,72.58999999999992,23.970000000000027,1,1,1.0
985,24,489.0,571.27,41.10000000000002,21.430000000000064,1,1,1.0
985,23,513.7,555.4,33.95999999999992,16.090000000000032,1,1,1.0
985,27,447.3,561.42,29.389999999999986,15.780000000000086,1,1,1.0
985,26,456.82,577.63,20.590000000000032,15.32000000000005,1,1,1.0
986,1,409.7,533.1,350.27000000000004,42.34000000000003,1,2,1.0
986,25,486.9,586.4,38.76999999999998,25.25,1,1,1.0
986,17,626.62,580.04,44.58000000000004,19.56000000000006,1,1,1.0
986,28,580.33,583.36,26.769999999999982,13.639999999999986,1,1,1.0
986,21,540.38,570.77,30.220000000000027,14.930000000000064,1,1,1.0
986,22,583.49,564.04,72.59000000000003,23.980000000000018,1,1,1.0
986,24,498.8,569.98,41.36999999999995,16.519999999999982,1,1,1.0
986,23,501.7,552.3,53.81,18.90000000000009,1,1,1.0
986,27,444.4,565.19,33.02000000000004,12.1099999999999,1,1,1.0
986,26,465.48,578.49,25.939999999999998,14.870000000000005,1,1,1.0
987,1,393.9,529.5,368.32000000000005,48.639999999999986,1,2,1.0
987,25,501.5,595.6,32.360000000000014,20.75999999999999,1,1,1.0
987,17,629.74,581.81,44.460000000000036,18.49000000000001,1,1,1.0
987,28,580.11,582.47,35.289999999999964,15.629999999999995,1,1,1.0
987,21,543.95,572.4,31.75,15.0,1,1,1.0
987,22,588.14,564.04,72.58000000000004,23.980000000000018,1,1,1.0
987,24,513.0,570.75,30.519999999999982,15.450000000000045,1,1,1.0
987,23,530.8,559.2,30.020000000000095,13.370000000000005,1,1,1.0
987,27,446.47,563.42,35.85999999999996,12.170000000000073,1,1,1.0
987,26,484.7,571.29,28.069999999999993,23.50999999999999,1,1,1.0
988,1,399.81,532.04,359.11999999999995,46.280000000000086,1,2,1.0
988,25,502.5,595.6,34.00999999999999,21.529999999999973,1,1,1.0
988,17,632.39,580.41,42.50999999999999,18.090000000000032,1,1,1.0
988,28,585.68,583.14,31.920000000000073,15.259999999999991,1,1,1.0
988,21,540.38,572.7,39.51999999999998,17.299999999999955,1,1,1.0
988,22,591.75,564.04,72.59000000000003,23.980000000000018,1,1,1.0
988,24,509.39,569.98,30.519999999999982,15.449999999999932,1,1,1.0
988,23,535.5,558.92,32.82000000000005,13.879999999999995,1,1,1.0
988,27,453.6,563.0,38.95999999999998,12.200000000000045,1,1,1.0
988,26,482.8,579.21,28.289999999999964,22.789999999999964,1,1,1.0
989,1,412.6,531.3,349.04999999999995,43.200000000000045,1,2,1.0
989,25,508.3,591.9,34.98999999999995,18.720000000000027,1,1,1.0
989,17,645.05,581.61,36.65000000000009,19.889999999999986,1,1,1.0
989,28,598.17,583.81,24.129999999999995,14.590000000000032,1,1,1.0
989,21,547.96,578.05,48.539999999999964,16.550000000000068,1,1,1.0
989,22,602.07,564.56,72.58999999999992,23.970000000000027,1,1,1.0
989,24,511.71,568.69,30.52000000000004,15.449999999999932,1,1,1.0
989,23,540.1,559.2,35.70999999999992,14.899999999999977,1,1,1.0
989,27,452.3,563.42,35.670000000000016,13.280000000000086,1,1,1.0
989,26,477.3,575.85,32.349999999999966,24.25,1,1,1.0
990,1,396.6,528.8,360.92999999999995,47.780000000000086,1,2,1.0
990,25,513.0,593.8,39.66999999999996,22.81000000000006,1,1,1.0
990,17,655.63,588.32,31.470000000000027,17.279999999999973,1,1,1.0
990,28,599.51,585.15,25.289999999999964,13.25,1,1,1.0
990,21,547.07,574.04,51.229999999999905,20.360000000000014,1,1,1.0
990,22,601.04,567.91,71.86000000000001,21.889999999999986,1,1,1.0
990,24,513.0,566.37,30.519999999999982,15.43999999999994,1,1,1.0
990,23,546.0,559.48,28.980000000000018,11.319999999999936,1,1,1.0
990,27,450.8,562.37,39.45999999999998,13.529999999999973,1,1,1.0
990,26,497.9,576.33,18.950000000000045,15.569999999999936,1,1,1.0
991,1,397.8,527.3,361.42,47.8900000000001,1,2,1.0
991,25,514.7,590.6,46.569999999999936,21.639999999999986,1,1,1.0
991,29,504.42,617.59,12.270000000000039,10.779999999999973,1,1,1.0
991,17,657.04,584.18,29.960000000000036,19.129999999999995,1,1,1.0
991,28,602.86,584.7,32.24000000000001,13.899999999999977,1,1,1.0
991,21,560.23,574.71,40.76999999999998,20.789999999999964,1,1,1.0
991,22,609.04,567.91,71.86000000000001,21.889999999999986,1,1,1.0
991,24,527.71,568.17,22.789999999999964,10.530000000000086,1,1,1.0
991,23,545.0,560.03,34.41999999999996,9.769999999999982,1,1,1.0
991,27,451.6,562.83,41.89999999999998,26.569999999999936,1,1,1.0
991,26,502.22,579.21,18.949999999999932,15.569999999999936,1,1,1.0
992,1,400.24,528.08,358.96000000000004,48.620000000000005,1,2,1.0
992,25,519.7,592.8,47.58999999999992,18.82000000000005,1,1,1.0
992,29,505.5,615.36,14.860000000000014,14.840000000000032,1,1,1.0
992,17,655.06,584.49,34.84000000000003,21.909999999999968,1,1,1.0
992,28,607.77,585.37,33.52999999999997,13.629999999999995,1,1,1.0
992,21,565.14,576.05,40.76999999999998,20.790000000000077,1,1,1.0
992,22,617.04,567.91,71.86000000000001,21.889999999999986,1,1,1.0
992,24,529.0,573.33,36.210000000000036,16.469999999999914,1,1,1.0
992,23,539.3,558.3,51.520000000000095,13.840000000000032,1,1,1.0
992,27,459.3,558.36,35.81,32.34000000000003,1,1,1.0
992,26,503.9,579.21,18.950000000000045,15.569999999999936,1,1,1.0
993,1,405.6,527.6,356.92999999999995,47.819999999999936,1,2,1.0
993,25,526.7,592.0,53.92999999999995,20.00999999999999,1,1,1.0
993,29,507.0,613.87,16.33000000000004,16.33000000000004,1,1,1.0
993,17,654.19,584.82,39.809999999999945,21.079999999999927,1,1,1.0
993,28,613.34,586.93,27.959999999999923,12.470000000000027,1,1,1.0
993,21,566.25,575.82,40.76999999999998,20.799999999999955,1,1,1.0
993,22,623.52,561.84,72.70000000000005,29.399999999999977,1,1,1.0
993,24,532.87,575.14,36.210000000000036,16.470000000000027,1,1,1.0
993,23,536.9,558.36,50.79000000000008,16.24000000000001,1,1,1.0
993,27,460.8,558.26,43.69999999999999,33.539999999999964,1,1,1.0
993,26,507.0,578.25,26.639999999999986,17.450000000000045,1,1,1.0
994,1,406.7,522.2,354.89000000000004,52.069999999999936,1,2,1.0
994,25,538.44,592.36,40.75999999999999,17.43999999999994,1,1,1.0
994,29,507.0,613.15,18.970000000000027,17.25,1,1,1.0
994,17,661.67,585.85,41.129999999999995,20.049999999999955,1,1,1.0
994,28,612.9,584.03,30.200000000000045,14.470000000000027,1,1,1.0
994,21,558.67,572.7,54.129999999999995,25.0,1,1,1.0
994,22,616.29,565.71,75.00999999999999,19.889999999999986,1,1,1.0
994,24,540.1,576.95,17.370000000000005,13.149999999999977,1,1,1.0
994,23,535.7,558.36,57.25999999999999,14.539999999999964,1,1,1.0
994,27,458.1,561.18,43.67999999999995,32.120000000000005,1,1,1.0
994,26,510.84,587.12,26.640000000000043,17.460000000000036,1,1,1.0
