61,1,500.99,673.94,56.67999999999995,46.059999999999945,1,1,1.0
62,1,491.2,669.11,75.80000000000001,50.889999999999986,1,1,1.0
63,1,479.9,661.12,104.38999999999999,58.879999999999995,1,1,1.0
64,1,491.2,659.21,110.34999999999997,60.789999999999964,1,1,1.0
65,1,487.0,659.05,133.28999999999996,60.75999999999999,1,1,1.0
66,1,499.6,661.32,132.79999999999995,58.67999999999995,1,1,1.0
67,1,506.2,657.75,161.24000000000007,62.25,1,1,1.0
68,1,522.22,650.6,160.78999999999996,69.12,1,1,1.0
69,1,534.12,644.83,188.23000000000002,75.12,1,1,1.0
70,1,546.82,630.44,206.25,89.70999999999992,1,1,1.0
71,1,575.07,620.15,201.82999999999993,99.85000000000002,1,1,1.0
72,1,586.07,611.99,226.13,108.00999999999999,1,1,1.0
73,1,598.51,610.25,245.39,109.75,1,1,1.0
74,1,609.02,605.05,275.98,114.95000000000005,1,1,1.0
75,1,617.27,606.73,306.83000000000004,113.06999999999994,1,1,1.0
76,1,625.54,603.63,339.56000000000006,115.85000000000002,1,1,1.0
77,1,634.3,600.7,376.9200000000001,119.29999999999995,1,1,1.0
78,1,646.72,598.64,401.25,120.38999999999999,1,1,1.0
79,1,634.36,598.59,456.82000000000005,120.35000000000002,1,1,1.0
80,1,625.94,590.93,509.03999999999996,126.61000000000001,1,1,1.0
81,1,650.2,585.15,529.21,119.62,1,1,1.0
82,1,687.31,577.56,534.1600000000001,125.55000000000007,1,1,1.0
83,1,729.86,573.19,547.63,133.44999999999993,1,1,1.0
84,1,758.08,570.33,520.87,143.67999999999995,1,1,1.0
85,1,804.52,566.84,475.6600000000001,153.61,1,1,1.0
86,1,829.91,565.72,450.30000000000007,153.99,1,1,1.0
87,1,925.13,568.12,355.2399999999999,151.51999999999998,1,1,1.0
88,1,964.73,569.35,315.98,144.01999999999998,1,1,1.0
89,1,998.61,571.26,282.09000000000003,124.85000000000002,1,1,1.0
90,1,1035.35,555.4,245.73000000000002,132.26999999999998,1,1,1.0
91,1,1065.69,557.66,215.3599999999999,126.18000000000006,1,1,1.0
92,1,1118.09,554.9,161.91000000000008,104.10000000000002,1,1,1.0
191,2,0.0,552.48,149.65,95.35000000000002,1,1,1.0
192,2,0.0,551.3,205.67,104.87,1,1,1.0
193,2,0.55,526.66,265.78999999999996,119.63999999999999,1,1,1.0
194,2,0.66,516.31,316.09,126.06000000000006,1,1,1.0
195,2,0.93,501.2,356.09,148.89000000000004,1,1,1.0
196,2,0.0,500.44,412.84,149.63000000000005,1,1,1.0
197,2,0.42,504.57,457.96,153.77000000000004,1,1,1.0
198,2,0.12,512.52,494.86,156.92000000000007,1,1,1.0
199,2,0.0,521.57,542.21,155.67999999999995,1,1,1.0
200,2,0.25,525.37,591.81,163.43999999999994,1,1,1.0
201,2,1.13,502.82,628.05,197.20999999999998,1,1,1.0
202,2,60.07,544.46,605.38,161.75,1,1,1.0
203,2,39.71,544.31,655.9599999999999,175.3900000000001,1,1,1.0
204,2,59.55,544.78,686.1,175.01,1,1,1.0
205,2,124.63,549.99,667.78,169.43999999999994,1,1,1.0
206,2,206.38,548.83,636.66,170.39999999999998,1,1,1.0
207,2,281.13,534.94,611.64,184.5999999999999,1,1,1.0
208,2,339.11,515.1,600.21,205.15999999999997,1,1,1.0
209,2,421.62,518.46,560.41,201.4699999999999,1,1,1.0
210,2,456.41,531.64,560.77,188.23000000000002,1,1,1.0
211,2,517.61,567.4,538.89,152.62,1,1,1.0
212,2,584.2,588.32,518.52,131.2299999999999,1,1,1.0
213,2,654.8,578.09,500.24,141.03999999999996,1,1,1.0
213,3,0.0,637.48,200.31,82.51999999999998,1,1,1.0
214,2,753.29,556.93,440.05999999999995,162.6500000000001,1,1,1.0
214,3,0.0,631.1,283.3,88.89999999999998,1,1,1.0
214,4,0.0,424.36,111.95,124.63999999999999,1,1,1.0
215,2,820.18,538.45,433.31000000000006,181.3499999999999,1,1,1.0
215,3,1.64,619.46,342.74,99.32999999999993,1,1,1.0
215,4,0.0,409.62,193.44,158.49,1,1,1.0
216,2,886.4,529.97,392.65999999999997,190.45999999999992,1,1,1.0
216,3,1.96,595.31,388.28000000000003,124.21000000000004,1,1,1.0
216,4,0.44,393.97,256.56,208.66999999999996,1,1,1.0
217,2,958.1,544.79,321.15,175.49,1,1,1.0
217,3,0.79,592.97,438.90999999999997,125.85000000000002,1,1,1.0
217,4,0.84,378.99,289.24,244.31999999999994,1,1,1.0
218,2,1116.61,621.07,163.3900000000001,98.92999999999995,1,1,1.0
218,3,122.47,589.84,483.76,130.32999999999993,1,1,1.0
218,4,0.39,344.4,385.0,282.59000000000003,1,1,1.0
219,2,1208.38,647.29,71.61999999999989,72.71000000000004,1,1,1.0
219,3,188.87,602.75,456.41999999999996,117.63999999999999,1,1,1.0
219,4,0.9,333.8,428.24,290.49999999999994,1,1,1.0
220,3,197.99,634.62,497.63,85.09000000000003,1,1,1.0
220,4,1.08,327.34,454.5,303.16,1,1,1.0
221,3,278.7,638.77,433.27000000000004,80.92000000000007,1,1,1.0
221,4,0.25,320.29,500.57,324.33,1,1,1.0
222,3,305.35,652.24,414.80999999999995,67.33000000000004,1,1,1.0
222,4,0.01,318.19,527.1800000000001,342.56,1,1,1.0
223,3,295.85,664.93,400.04999999999995,54.58000000000004,1,1,1.0
223,4,0.0,319.61,555.67,353.51,1,1,1.0
224,3,357.6,648.89,371.49,70.70000000000005,1,1,1.0
224,4,0.0,320.62,581.45,397.85,1,1,1.0
225,3,441.87,650.81,72.73000000000002,69.19000000000005,1,1,1.0
225,4,0.3,315.17,604.45,401.83,1,1,1.0
226,4,0.0,307.33,634.66,349.03000000000003,1,1,1.0
227,4,0.55,301.01,660.0,321.65999999999997,1,1,1.0
228,4,46.91,293.94,635.87,282.77000000000004,1,1,1.0
229,4,100.83,283.96,613.01,248.98000000000008,1,1,1.0
230,4,131.13,271.02,618.58,242.61,1,1,1.0
231,4,150.26,263.14,643.41,277.38,1,1,1.0
232,4,196.86,253.57,636.26,298.46,1,1,1.0
233,4,258.83,246.72,611.0699999999999,285.19999999999993,1,1,1.0
234,4,351.48,239.29,559.35,253.09,1,1,1.0
235,4,367.77,232.5,586.73,215.82999999999998,1,1,1.0
236,4,409.08,225.69,590.1400000000001,190.72000000000003,1,1,1.0
237,4,470.43,216.84,585.54,162.82000000000002,1,1,1.0
238,4,512.81,207.33,602.2,152.9,1,1,1.0
239,4,568.49,200.5,613.31,161.10000000000002,1,1,1.0
240,4,631.33,191.05,625.7099999999999,179.45,1,1,1.0
241,4,697.92,183.78,581.59,181.05999999999997,1,1,1.0
242,4,754.73,176.37,524.3899999999999,172.20999999999998,1,1,1.0
243,4,801.25,168.86,478.21000000000004,170.02999999999997,1,1,1.0
244,4,844.1,164.59,434.92999999999995,176.9,1,1,1.0
245,4,888.78,169.97,390.3800000000001,163.07000000000002,1,1,1.0
246,4,931.24,176.91,348.48,150.96,1,1,1.0
247,4,998.32,170.21,281.57000000000005,138.39000000000001,1,1,1.0
248,4,1056.04,160.39,224.04999999999995,132.02000000000004,1,1,1.0
249,4,1119.46,150.03,160.70000000000005,114.67999999999998,1,1,1.0
250,4,1185.75,148.66,93.99000000000001,117.78999999999999,1,1,1.0
280,5,0.0,521.84,90.84,71.78999999999996,1,1,1.0
281,5,0.0,505.2,149.8,99.95999999999998,1,1,1.0
282,5,0.01,485.42,201.82000000000002,145.78000000000003,1,1,1.0
283,5,0.0,482.12,288.37,160.91999999999996,1,1,1.0
284,5,0.15,469.49,330.70000000000005,173.99,1,1,1.0
285,5,0.54,467.33,419.75,176.45999999999998,1,1,1.0
286,5,0.52,459.23,452.91,175.56999999999994,1,1,1.0
287,5,0.44,450.18,511.92,181.82,1,1,1.0
288,5,0.0,441.02,576.0,195.92000000000007,1,1,1.0
289,5,0.0,435.76,649.4,231.15999999999997,1,1,1.0
290,5,36.24,449.99,659.98,174.54999999999995,1,1,1.0
291,5,123.41,453.45,653.7900000000001,173.52000000000004,1,1,1.0
292,5,196.82,445.85,635.4200000000001,182.79999999999995,1,1,1.0
293,5,287.34,441.01,638.4300000000001,186.86,1,1,1.0
294,5,327.33,470.4,691.1500000000001,179.55000000000007,1,1,1.0
295,5,374.86,465.0,752.0500000000001,229.19000000000005,1,1,1.0
296,5,456.58,464.67,768.0,252.97999999999996,1,1,1.0
297,5,562.04,487.56,715.49,232.32999999999998,1,1,1.0
298,5,656.29,483.76,621.1700000000001,234.16999999999996,1,1,1.0
299,5,714.06,469.15,563.4000000000001,249.67000000000007,1,1,1.0
300,5,790.9,453.39,487.65999999999997,262.81000000000006,1,1,1.0
301,5,861.99,450.14,417.9200000000001,265.58000000000004,1,1,1.0
302,5,939.48,457.48,340.6199999999999,239.67999999999995,1,1,1.0
303,5,1013.46,467.88,266.5899999999999,224.13,1,1,1.0
303,6,75.46,655.16,191.01000000000005,64.84000000000003,1,1,1.0
304,5,1078.12,485.64,201.99,195.96000000000004,1,1,1.0
304,6,51.91,634.81,252.89000000000001,85.1400000000001,1,1,1.0
305,5,1149.06,518.62,130.74,149.11,1,1,1.0
305,6,40.59,616.83,295.27,103.04999999999995,1,1,1.0
306,5,1199.06,550.67,80.94000000000005,132.43000000000006,1,1,1.0
306,7,697.21,675.67,489.70000000000005,44.33000000000004,1,1,1.0
306,6,60.53,608.03,301.30999999999995,111.88,1,1,1.0
307,7,733.1,676.95,489.7099999999999,43.049999999999955,1,1,1.0
307,6,86.14,598.81,302.68,121.08000000000004,1,1,1.0
308,7,770.28,675.67,489.71000000000004,43.05000000000007,1,1,1.0
308,6,87.17,593.76,322.21999999999997,126.19000000000005,1,1,1.0
309,7,902.75,681.23,377.25,38.76999999999998,1,1,1.0
309,6,101.96,587.03,334.09000000000003,132.63,1,1,1.0
310,7,924.33,686.78,355.66999999999996,33.22000000000003,1,1,1.0
310,6,102.91,574.16,369.15,145.61,1,1,1.0
311,6,121.72,562.53,377.49,157.17000000000007,1,1,1.0
312,6,119.97,551.12,420.19999999999993,168.21000000000004,1,1,1.0
313,6,109.09,542.62,461.31999999999994,176.57000000000005,1,1,1.0
314,6,157.98,530.71,455.02,189.03999999999996,1,1,1.0
315,6,169.74,527.4,481.98,192.13,1,1,1.0
316,6,200.79,517.84,492.6600000000001,201.57999999999993,1,1,1.0
317,6,246.38,503.19,486.92999999999995,215.77000000000004,1,1,1.0
317,8,0.0,506.45,80.59,79.47999999999996,1,1,1.0
318,6,286.39,486.44,486.87,217.57,1,1,1.0
318,8,0.42,494.7,122.51,111.15000000000003,1,1,1.0
319,6,322.22,473.21,497.89,189.2,1,1,1.0
319,8,0.0,487.24,154.0,139.38,1,1,1.0
320,6,363.76,462.76,494.36,188.29999999999995,1,1,1.0
320,8,0.0,482.35,179.68,137.99,1,1,1.0
321,6,390.51,451.41,527.27,195.7,1,1,1.0
321,8,0.28,476.27,205.51,139.84000000000003,1,1,1.0
322,6,408.64,435.83,576.6,233.86000000000007,1,1,1.0
322,8,0.25,468.55,262.2,151.82999999999998,1,1,1.0
323,6,470.71,429.46,586.71,240.15000000000003,1,1,1.0
323,8,0.86,458.43,311.77,140.91000000000003,1,1,1.0
324,6,546.61,418.26,602.9599999999999,212.07000000000005,1,1,1.0
324,8,0.45,440.37,370.08,162.03999999999996,1,1,1.0
325,6,591.04,412.81,621.8600000000001,158.68,1,1,1.0
325,8,0.23,426.38,412.46,161.22000000000003,1,1,1.0
326,6,640.2,402.13,637.56,154.72000000000003,1,1,1.0
326,8,0.53,406.09,459.27000000000004,175.58999999999997,1,1,1.0
327,6,691.54,385.49,588.1000000000001,160.43999999999994,1,1,1.0
327,8,0.55,384.95,496.47999999999996,192.07999999999998,1,1,1.0
328,6,736.72,376.12,542.46,152.53999999999996,1,1,1.0
328,8,0.0,364.41,540.27,192.82999999999998,1,1,1.0
329,6,801.65,357.57,477.5400000000001,178.53000000000003,1,1,1.0
329,8,3.17,348.68,567.9100000000001,229.57,1,1,1.0
330,6,866.11,347.34,414.13,197.13000000000005,1,1,1.0
330,8,0.0,334.24,632.93,269.49,1,1,1.0
331,6,932.91,361.11,347.7900000000001,166.26,1,1,1.0
331,8,130.53,325.69,551.0,230.40000000000003,1,1,1.0
332,6,979.83,364.57,300.52999999999986,132.75,1,1,1.0
332,8,201.5,307.51,546.6,172.45,1,1,1.0
333,6,1023.43,363.07,255.79000000000008,101.63,1,1,1.0
333,8,283.58,283.58,534.3,181.75,1,1,1.0
334,9,0.13,236.69,94.81,95.81,1,1,1.0
334,6,1067.73,354.47,211.73000000000002,111.54999999999995,1,1,1.0
334,8,297.98,270.03,601.05,217.94000000000005,1,1,1.0
335,9,0.56,224.79,117.44,113.62000000000003,1,1,1.0
335,6,1126.71,352.77,152.98000000000002,86.22000000000003,1,1,1.0
335,8,411.83,259.89,567.19,207.94,1,1,1.0
336,9,0.62,211.57,153.07,127.61000000000001,1,1,1.0
336,6,1167.77,352.7,111.94000000000005,84.57,1,1,1.0
336,8,488.72,251.46,576.6499999999999,180.80999999999997,1,1,1.0
337,9,0.51,202.12,185.04000000000002,146.01999999999998,1,1,1.0
337,8,562.89,235.63,624.4699999999999,162.19,1,1,1.0
338,9,1.07,191.92,214.62,172.41,1,1,1.0
338,8,657.69,233.31,620.01,210.89,1,1,1.0
339,9,0.88,188.46,243.74,173.79999999999998,1,1,1.0
339,8,734.59,260.13,545.0199999999999,222.73000000000002,1,1,1.0
340,9,0.54,180.4,280.5,186.82000000000002,1,1,1.0
340,8,852.01,253.09,429.1400000000001,239.18999999999997,1,1,1.0
341,9,0.2,178.1,327.3,191.22,1,1,1.0
341,8,959.97,287.3,319.95000000000005,200.69,1,1,1.0
342,9,0.11,173.02,364.28,200.9,1,1,1.0
342,8,1042.92,321.85,237.03999999999996,153.67999999999995,1,1,1.0
343,9,0.59,164.67,410.35,212.99000000000004,1,1,1.0
343,8,1173.45,364.86,106.54999999999995,128.44,1,1,1.0
344,9,0.17,152.4,459.65,228.48,1,1,1.0
345,9,0.75,146.89,491.19,233.93,1,1,1.0
346,9,0.01,136.66,539.7,238.73999999999998,1,1,1.0
346,10,0.56,492.02,100.27,96.37,1,1,1.0
347,9,0.13,120.5,586.3,249.39999999999998,1,1,1.0
347,10,0.34,480.03,136.07999999999998,119.61000000000001,1,1,1.0
348,9,0.0,111.3,635.53,266.07,1,1,1.0
348,10,0.39,476.27,175.38000000000002,135.97000000000003,1,1,1.0
349,9,0.0,102.08,690.19,294.46000000000004,1,1,1.0
349,10,0.69,475.14,228.09,151.57000000000005,1,1,1.0
350,9,0.0,92.8,760.38,361.03999999999996,1,1,1.0
350,10,0.42,463.69,277.62,161.08999999999997,1,1,1.0
351,9,1.51,82.31,827.27,358.7,1,1,1.0
351,10,0.96,446.23,331.06,179.21000000000004,1,1,1.0
352,9,154.2,71.07,763.76,340.77,1,1,1.0
352,10,0.25,428.73,393.82,175.26,1,1,1.0
353,9,297.23,58.09,714.31,292.73,1,1,1.0
353,10,0.8,426.02,468.02,161.11,1,1,1.0
354,9,478.74,23.71,790.1700000000001,250.46,1,1,1.0
354,10,39.26,411.3,576.76,149.39000000000004,1,1,1.0
355,9,546.31,1.77,729.8600000000001,251.98999999999998,1,1,1.0
355,10,62.77,386.32,623.22,158.14000000000004,1,1,1.0
356,9,634.33,0.0,643.17,212.86,1,1,1.0
356,10,112.83,390.19,639.5799999999999,174.10999999999996,1,1,1.0
357,9,722.77,0.18,555.1300000000001,190.07999999999998,1,1,1.0
357,10,161.79,378.51,651.6,163.69000000000005,1,1,1.0
358,9,793.46,0.22,486.03999999999996,184.95,1,1,1.0
358,10,233.14,378.82,624.5,166.70999999999998,1,1,1.0
359,9,879.6,0.38,400.2900000000001,178.21,1,1,1.0
359,10,329.76,384.81,592.66,169.48999999999995,1,1,1.0
359,11,0.0,586.03,93.73,100.71000000000004,1,1,1.0
360,9,952.94,2.56,327.20000000000005,164.01,1,1,1.0
360,10,389.76,362.77,590.52,196.03999999999996,1,1,1.0
360,11,0.04,579.51,145.44,117.24000000000001,1,1,1.0
361,9,1038.85,2.15,240.94000000000005,146.88,1,1,1.0
361,10,452.21,356.28,601.1299999999999,208.61,1,1,1.0
361,11,0.13,570.76,174.61,138.59000000000003,1,1,1.0
362,9,1103.58,2.64,175.66000000000008,130.01000000000002,1,1,1.0
362,10,504.57,359.38,608.6600000000001,224.22000000000003,1,1,1.0
362,12,386.89,684.71,242.64,34.789999999999964,1,1,1.0
362,11,0.0,570.56,202.6,149.16000000000008,1,1,1.0
363,9,1154.33,1.53,125.23000000000002,127.06,1,1,1.0
363,10,541.67,377.81,640.9399999999999,237.32,1,1,1.0
363,12,381.05,683.83,298.55,35.809999999999945,1,1,1.0
363,11,0.2,568.89,235.77,150.15999999999997,1,1,1.0
364,9,1213.66,0.0,66.33999999999992,137.49,1,1,1.0
364,10,570.44,404.31,705.8299999999999,252.05,1,1,1.0
364,12,408.69,686.07,275.2,33.44999999999993,1,1,1.0
364,11,0.0,577.04,263.81,141.86,1,1,1.0
365,10,599.38,423.48,678.34,245.01999999999998,1,1,1.0
365,11,0.0,586.26,275.53,132.97000000000003,1,1,1.0
366,10,627.45,430.96,650.49,247.50000000000006,1,1,1.0
366,11,0.49,600.52,287.92,118.87,1,1,1.0
367,10,667.63,440.76,609.2900000000001,246.93000000000006,1,1,1.0
367,11,1.44,607.19,300.2,111.95999999999992,1,1,1.0
368,10,707.44,448.39,571.47,238.99,1,1,1.0
368,11,2.53,609.62,312.49,109.45000000000005,1,1,1.0
369,10,727.87,442.82,549.5300000000001,252.90000000000003,1,1,1.0
369,11,1.76,607.74,325.85,112.0,1,1,1.0
370,10,760.9,435.85,516.85,259.4,1,1,1.0
370,11,0.91,600.09,353.08,119.85000000000002,1,1,1.0
371,10,796.89,434.45,482.1,264.51000000000005,1,1,1.0
371,11,0.14,588.79,381.35,130.74,1,1,1.0
372,10,825.91,432.3,453.0200000000001,262.46,1,1,1.0
372,11,0.0,587.02,401.84,132.39999999999998,1,1,1.0
373,10,846.48,439.95,432.8899999999999,243.59999999999997,1,1,1.0
373,11,1.89,586.04,412.63,133.47000000000003,1,1,1.0
374,10,872.05,450.49,408.03,234.0,1,1,1.0
374,11,1.32,591.39,425.72,128.05000000000007,1,1,1.0
375,10,888.75,457.47,391.52,220.68999999999994,1,1,1.0
375,11,1.1,595.15,440.47999999999996,124.64999999999998,1,1,1.0
376,10,909.69,473.03,370.52,206.97000000000003,1,1,1.0
376,11,2.21,599.06,458.6,120.42000000000007,1,1,1.0
377,10,931.91,486.57,347.81000000000006,185.38000000000005,1,1,1.0
377,11,3.86,603.38,470.28,116.63,1,1,1.0
378,10,968.51,494.43,311.1600000000001,160.49999999999994,1,1,1.0
378,11,1.78,598.16,505.34000000000003,122.30000000000007,1,1,1.0
379,10,998.28,493.09,281.35000000000014,153.93,1,1,1.0
379,11,0.31,581.25,532.9000000000001,138.55999999999995,1,1,1.0
380,10,1012.09,480.11,267.90999999999997,159.28999999999996,1,1,1.0
380,11,0.0,561.08,561.52,158.53999999999996,1,1,1.0
381,10,1036.61,467.61,243.6500000000001,193.64999999999998,1,1,1.0
381,11,0.0,537.97,588.29,181.42999999999995,1,1,1.0
382,10,1066.07,465.19,214.1500000000001,172.36999999999995,1,1,1.0
382,11,1.03,527.32,618.53,192.41999999999996,1,1,1.0
383,10,1123.23,472.61,157.04999999999995,153.40999999999997,1,1,1.0
383,11,19.84,509.15,643.05,210.93000000000006,1,1,1.0
384,10,1165.37,488.5,115.44000000000005,142.01,1,1,1.0
384,11,35.62,497.1,675.39,222.51,1,1,1.0
385,11,37.6,483.61,712.78,235.59000000000003,1,1,1.0
386,11,56.8,464.98,748.1800000000001,254.43999999999994,1,1,1.0
387,11,220.05,452.59,633.3499999999999,260.86000000000007,1,1,1.0
388,11,269.81,447.69,648.29,192.00000000000006,1,1,1.0
389,11,362.4,445.69,636.23,155.34999999999997,1,1,1.0
390,11,441.46,441.89,637.6399999999999,150.05000000000007,1,1,1.0
391,11,506.95,428.45,678.95,156.66000000000003,1,1,1.0
392,11,594.85,424.37,684.1899999999999,179.97000000000003,1,1,1.0
393,11,667.53,419.29,611.1300000000001,199.31,1,1,1.0
394,11,730.74,420.06,547.03,216.35999999999996,1,1,1.0
395,11,816.43,428.23,462.23000000000013,196.87,1,1,1.0
396,11,871.14,455.2,408.31000000000006,180.72999999999996,1,1,1.0
397,11,924.65,452.7,354.90999999999997,175.12000000000006,1,1,1.0
398,11,972.33,440.07,307.9599999999999,169.06,1,1,1.0
399,11,1038.78,436.12,241.25,175.38,1,1,1.0
400,11,1096.83,438.61,183.71000000000004,138.18999999999994,1,1,1.0
401,11,1084.41,434.12,196.5999999999999,158.10000000000002,1,1,1.0
422,13,190.29,662.71,173.69000000000003,57.289999999999964,1,1,1.0
423,13,205.88,652.08,190.60000000000002,67.80999999999995,1,1,1.0
424,13,208.5,647.33,216.22000000000003,72.46999999999991,1,1,1.0
424,14,0.0,610.8,85.13,87.50999999999999,1,1,1.0
425,13,206.99,640.64,249.71999999999997,79.24000000000001,1,1,1.0
425,14,0.32,590.35,124.44000000000001,116.25999999999999,1,1,1.0
426,13,210.63,635.97,279.44,83.89999999999998,1,1,1.0
426,14,0.16,567.97,171.09,144.15999999999997,1,1,1.0
427,13,215.4,631.48,300.48,88.56999999999994,1,1,1.0
427,14,0.0,549.64,206.09,169.45000000000005,1,1,1.0
428,13,250.52,616.62,299.39,103.18999999999994,1,1,1.0
428,14,0.0,526.93,247.2,193.48000000000002,1,1,1.0
429,13,267.23,599.73,313.28999999999996,120.12,1,1,1.0
429,14,0.0,511.89,288.25,207.72000000000003,1,1,1.0
430,13,283.76,579.37,324.36,140.11,1,1,1.0
430,14,0.0,502.43,324.11,216.85999999999996,1,1,1.0
431,13,314.38,567.28,329.46000000000004,152.04000000000008,1,1,1.0
431,14,0.0,496.18,362.86,223.69,1,1,1.0
432,13,345.28,556.75,335.08000000000004,162.51999999999998,1,1,1.0
432,14,0.0,484.8,401.65,234.56,1,1,1.0
433,13,376.84,551.53,340.26000000000005,168.10000000000002,1,1,1.0
433,14,4.71,473.03,440.62,246.51999999999998,1,1,1.0
434,13,397.91,549.78,345.05,169.77999999999997,1,1,1.0
434,14,14.39,459.2,470.44,258.92,1,1,1.0
435,13,416.67,546.9,360.21999999999997,172.64,1,1,1.0
435,14,0.93,440.92,517.7600000000001,277.61999999999995,1,1,1.0
436,13,435.11,544.4,388.09000000000003,175.62,1,1,1.0
436,14,1.03,420.07,558.08,299.17,1,1,1.0
436,15,0.0,337.64,109.28,79.42000000000002,1,1,1.0
437,13,441.19,534.55,416.29,183.5200000000001,1,1,1.0
437,14,3.37,400.02,595.59,309.40999999999997,1,1,1.0
437,15,0.48,330.85,141.96,86.92999999999995,1,1,1.0
438,13,440.59,528.97,446.08,190.82999999999993,1,1,1.0
438,14,105.02,384.95,531.5,282.32,1,1,1.0
438,15,0.14,321.23,181.73000000000002,106.91999999999996,1,1,1.0
439,13,472.08,517.55,456.82,186.49,1,1,1.0
439,14,164.37,371.57,517.02,261.97999999999996,1,1,1.0
439,15,0.7,314.57,226.20000000000002,117.66000000000003,1,1,1.0
440,13,521.81,507.7,461.09000000000003,165.78000000000003,1,1,1.0
440,14,203.73,357.6,516.89,276.2099999999999,1,1,1.0
440,15,0.53,306.6,260.33000000000004,121.44,1,1,1.0
441,13,561.05,496.69,483.8600000000001,163.70999999999998,1,1,1.0
441,14,272.6,344.87,506.26,294.42999999999995,1,1,1.0
441,15,0.45,293.8,303.53000000000003,128.39999999999998,1,1,1.0
442,13,607.59,490.94,508.57000000000005,181.25000000000006,1,1,1.0
442,14,355.61,327.5,487.18999999999994,271.62,1,1,1.0
442,15,1.35,280.16,347.59999999999997,150.39999999999998,1,1,1.0
443,13,678.75,480.97,518.52,191.15999999999997,1,1,1.0
443,14,401.65,304.45,507.07000000000005,246.69,1,1,1.0
443,15,1.41,269.51,400.46999999999997,146.28000000000003,1,1,1.0
443,16,0.0,611.32,98.02,71.78999999999996,1,1,1.0
443,17,0.0,667.72,136.48,52.27999999999997,1,1,1.0
444,13,726.65,468.37,550.5200000000001,183.42999999999995,1,1,1.0
444,14,474.37,283.07,478.76,217.0,1,1,1.0
444,15,2.2,258.31,452.3,150.66000000000003,1,1,1.0
444,16,0.0,597.2,163.4,84.62,1,1,1.0
444,17,0.0,645.9,195.5,74.10000000000002,1,1,1.0
445,13,806.52,465.93,472.1400000000001,156.07999999999998,1,1,1.0
445,14,548.25,257.68,491.53999999999996,208.43,1,1,1.0
445,15,2.17,250.77,513.33,134.42,1,1,1.0
445,16,0.0,567.7,210.8,114.12,1,1,1.0
445,17,0.0,628.0,246.8,92.0,1,1,1.0
445,18,55.45,672.37,312.2,47.629999999999995,1,1,1.0
446,13,848.92,458.71,430.40999999999997,129.11000000000007,1,1,1.0
446,14,600.41,233.56,503.73000000000013,208.8,1,1,1.0
446,15,2.99,241.44,555.16,148.81,1,1,1.0
446,16,0.0,561.73,256.19,110.87,1,1,1.0
446,17,0.0,616.46,294.23,103.53999999999996,1,1,1.0
446,18,89.33,666.5,348.15000000000003,53.5,1,1,1.0
447,13,935.55,461.59,342.70000000000005,132.91000000000003,1,1,1.0
447,14,715.74,202.1,560.5699999999999,190.02,1,1,1.0
447,15,108.64,217.13,543.98,166.06,1,1,1.0
447,16,1.47,531.74,333.13,137.46000000000004,1,1,1.0
447,17,11.5,613.9,339.14,106.10000000000002,1,1,1.0
447,18,123.22,660.62,384.1,59.379999999999995,1,1,1.0
447,19,0.0,66.7,59.55,208.69,1,1,1.0
448,13,1003.27,459.81,276.6200000000001,134.35999999999996,1,1,1.0
448,14,835.14,191.15,444.85,182.01000000000002,1,1,1.0
448,15,157.73,213.88,527.5,159.45,1,1,1.0
448,16,0.03,527.14,366.73,142.15999999999997,1,1,1.0
448,17,53.78,613.1,309.70000000000005,74.79999999999995,1,1,1.0
448,18,157.1,654.74,420.05999999999995,65.25999999999999,1,1,1.0
448,19,0.0,47.6,98.88,193.23000000000002,1,1,1.0
449,13,1064.98,478.17,214.68000000000006,111.80000000000001,1,1,1.0
449,14,803.98,181.88,474.26,237.69,1,1,1.0
449,15,162.62,209.32,575.02,192.8,1,1,1.0
449,16,0.0,526.36,381.97,137.14,1,1,1.0
449,17,73.58,617.7,312.22,101.13999999999999,1,1,1.0
449,18,301.04,641.04,334.05,78.26999999999998,1,1,1.0
449,19,0.0,28.69,106.62,162.82,1,1,1.0
450,13,1132.92,505.09,147.07999999999993,111.80000000000001,1,1,1.0
450,14,871.37,179.79,408.30000000000007,225.91,1,1,1.0
450,15,188.74,201.51,599.85,215.63,1,1,1.0
450,16,0.19,529.26,413.76,149.44000000000005,1,1,1.0
450,17,88.82,623.7,317.57,95.28999999999996,1,1,1.0
450,18,319.85,642.92,369.31999999999994,76.48000000000002,1,1,1.0
450,19,0.0,18.0,104.24,162.78,1,1,1.0
451,14,901.21,178.69,378.89999999999986,210.18,1,1,1.0
451,15,241.82,197.62,591.06,221.40999999999997,1,1,1.0
451,16,0.94,528.8,444.09,149.9000000000001,1,1,1.0
451,17,87.75,636.07,365.62,83.02999999999997,1,1,1.0
451,18,338.45,640.52,442.04,79.48000000000002,1,1,1.0
451,19,0.0,106.2,61.33,57.89999999999999,1,1,1.0
452,14,940.93,198.59,338.20000000000016,165.57000000000002,1,1,1.0
452,15,325.22,190.18,553.01,206.20999999999998,1,1,1.0
452,16,1.49,527.71,503.02,165.89999999999998,1,1,1.0
452,17,93.88,646.97,368.91,72.02999999999997,1,1,1.0
452,18,367.49,642.14,461.31999999999994,76.87,1,1,1.0
453,14,1008.13,224.65,271.2800000000001,116.47999999999999,1,1,1.0
453,15,368.92,179.63,555.76,204.48000000000002,1,1,1.0
453,16,2.07,522.24,536.65,144.56999999999994,1,1,1.0
453,17,75.9,647.65,402.29999999999995,72.35000000000002,1,1,1.0
453,18,398.13,649.52,449.61,69.45000000000005,1,1,1.0
454,14,1074.09,233.48,205.24,105.28999999999999,1,1,1.0
454,15,409.3,171.16,569.44,166.17,1,1,1.0
454,16,33.15,512.12,567.03,165.65999999999997,1,1,1.0
454,17,139.2,648.6,417.43,71.39999999999998,1,1,1.0
454,18,374.9,651.52,539.2,67.62,1,1,1.0
455,14,1160.59,255.94,118.99000000000001,91.11000000000001,1,1,1.0
455,15,475.75,164.34,547.45,183.08,1,1,1.0
455,16,39.67,506.46,603.14,193.45999999999998,1,1,1.0
455,17,176.4,646.22,399.06000000000006,73.77999999999997,1,1,1.0
455,18,420.8,667.3,565.81,52.700000000000045,1,1,1.0
456,15,509.39,150.66,577.39,196.29,1,1,1.0
456,16,46.17,497.04,652.6500000000001,214.53000000000003,1,1,1.0
456,17,203.18,638.7,470.92,80.91999999999996,1,1,1.0
456,18,641.1,648.56,383.69999999999993,71.44000000000005,1,1,1.0
457,15,556.66,144.0,610.08,221.07,1,1,1.0
457,16,147.13,485.68,613.83,210.48999999999995,1,1,1.0
457,17,320.5,636.34,394.29999999999995,83.65999999999997,1,1,1.0
457,18,712.58,675.3,368.88,44.0,1,1,1.0
458,15,619.44,133.0,624.29,208.68,1,1,1.0
458,16,223.51,493.13,606.61,143.28999999999996,1,1,1.0
458,17,336.39,634.65,409.03,84.81000000000006,1,1,1.0
458,18,732.14,670.62,389.4,48.700000000000045,1,1,1.0
459,15,674.1,126.62,605.9,188.48000000000002,1,1,1.0
459,16,302.71,479.85,600.81,134.14,1,1,1.0
459,17,375.83,625.45,391.83,94.09999999999991,1,1,1.0
459,18,761.81,661.95,395.74,57.729999999999905,1,1,1.0
460,15,716.52,113.22,560.8299999999999,197.77,1,1,1.0
460,16,368.73,456.46,624.27,150.95999999999998,1,1,1.0
460,17,419.87,621.0,404.49,98.75,1,1,1.0
460,18,801.86,649.38,269.4699999999999,69.10000000000002,1,1,1.0
461,15,773.28,103.66,505.4200000000001,159.41,1,1,1.0
461,16,412.99,450.11,684.8900000000001,170.62,1,1,1.0
461,17,417.19,621.62,456.91,97.73000000000002,1,1,1.0
462,15,828.48,85.99,450.4000000000001,163.82999999999998,1,1,1.0
462,16,523.44,445.1,673.0899999999999,194.43999999999994,1,1,1.0
462,17,441.11,621.68,482.31999999999994,97.84000000000003,1,1,1.0
463,15,886.38,75.26,392.86,162.68,1,1,1.0
463,16,577.9,461.9,699.64,205.44000000000005,1,1,1.0
463,17,496.51,616.56,491.46000000000004,103.19000000000005,1,1,1.0
464,15,949.46,85.73,329.97,130.75,1,1,1.0
464,16,658.7,445.48,619.21,228.82999999999993,1,1,1.0
464,17,551.82,598.68,482.02999999999986,120.83000000000004,1,1,1.0
465,15,1018.09,86.31,262.4799999999999,121.02000000000001,1,1,1.0
465,16,729.7,449.1,548.44,233.40999999999997,1,1,1.0
465,17,595.48,599.71,489.8699999999999,119.63999999999999,1,1,1.0
466,15,1097.44,82.99,182.55999999999995,123.44000000000001,1,1,1.0
466,16,797.8,435.3,481.74,225.48999999999995,1,1,1.0
466,17,649.89,617.11,472.18999999999994,102.97000000000003,1,1,1.0
467,15,1170.27,71.83,109.32999999999993,120.38000000000001,1,1,1.0
467,16,844.7,464.6,435.29999999999995,169.89999999999998,1,1,1.0
467,17,705.64,638.03,450.67999999999995,81.71000000000004,1,1,1.0
468,20,0.34,655.08,230.47,64.71999999999991,1,1,1.0
468,16,942.3,481.3,336.99,121.06,1,1,1.0
468,17,761.54,635.83,422.10000000000014,84.02999999999997,1,1,1.0
469,20,0.35,638.94,266.97999999999996,81.03999999999996,1,1,1.0
469,16,1026.27,471.68,253.61000000000013,118.58999999999997,1,1,1.0
469,17,812.0,625.44,407.71000000000004,94.29999999999995,1,1,1.0
470,20,0.81,627.86,288.18,92.14999999999998,1,1,1.0
470,16,1077.81,452.05,202.61000000000013,111.79000000000002,1,1,1.0
470,17,838.29,609.33,440.6400000000001,110.25,1,1,1.0
471,20,1.22,626.81,316.03,93.17000000000007,1,1,1.0
471,16,1150.88,440.03,129.02999999999997,100.13,1,1,1.0
471,17,868.47,599.77,408.3299999999999,120.07000000000005,1,1,1.0
472,20,1.65,627.81,351.34000000000003,92.32000000000005,1,1,1.0
472,17,913.75,606.91,366.9200000000001,113.31000000000006,1,1,1.0
473,20,2.72,633.79,381.28999999999996,86.17000000000007,1,1,1.0
473,17,956.54,617.24,322.6400000000001,102.60000000000002,1,1,1.0
474,20,35.16,638.49,385.44000000000005,81.31999999999994,1,1,1.0
474,17,1017.66,650.1,263.0200000000001,69.85000000000002,1,1,1.0
475,20,70.77,646.16,399.58000000000004,73.36000000000001,1,1,1.0
476,20,102.4,651.24,389.34000000000003,68.02999999999997,1,1,1.0
477,20,130.4,642.39,405.56000000000006,76.99000000000001,1,1,1.0
478,20,189.2,631.16,382.94,88.53000000000009,1,1,1.0
479,20,245.18,620.05,367.46999999999997,99.69000000000005,1,1,1.0
480,20,266.88,619.97,374.19000000000005,99.95999999999992,1,1,1.0
481,20,317.3,618.21,381.61999999999995,101.78999999999996,1,1,1.0
482,20,340.79,614.0,412.37999999999994,105.82000000000005,1,1,1.0
483,20,359.94,609.22,448.71999999999997,110.93999999999994,1,1,1.0
484,20,375.03,604.57,494.70000000000005,115.62,1,1,1.0
485,20,391.25,604.87,534.0,115.40999999999997,1,1,1.0
486,20,355.35,606.17,615.4499999999999,114.18000000000006,1,1,1.0
487,20,406.22,603.03,615.89,117.08000000000004,1,1,1.0
488,20,456.67,598.03,633.52,121.37,1,1,1.0
489,20,505.97,590.62,649.05,127.63999999999999,1,1,1.0
490,20,547.19,582.22,673.75,130.82999999999993,1,1,1.0
491,20,595.15,576.0,684.5000000000001,144.41999999999996,1,1,1.0
492,20,638.48,571.55,641.1800000000001,149.19000000000005,1,1,1.0
493,20,709.78,572.88,570.44,147.48000000000002,1,1,1.0
494,20,790.9,570.31,487.94999999999993,150.10000000000002,1,1,1.0
495,20,824.82,568.94,454.04999999999984,150.76999999999998,1,1,1.0
496,20,866.25,549.6,413.97,170.16999999999996,1,1,1.0
496,21,0.0,568.12,122.97,100.29999999999995,1,1,1.0
497,20,905.05,529.0,375.8800000000001,189.48000000000002,1,1,1.0
497,21,0.0,559.04,164.28,123.32000000000005,1,1,1.0
498,20,964.21,522.13,316.0,188.69000000000005,1,1,1.0
498,21,0.54,552.99,204.56,132.12,1,1,1.0
499,20,1026.06,529.43,254.32000000000016,179.38,1,1,1.0
499,21,0.21,544.77,247.12,148.31000000000006,1,1,1.0
500,20,1072.81,528.3,208.23000000000002,189.44000000000005,1,1,1.0
500,21,0.0,537.46,294.92,159.94999999999993,1,1,1.0
501,20,1135.29,558.85,144.71000000000004,161.14999999999998,1,1,1.0
501,21,0.0,519.47,332.82,182.47000000000003,1,1,1.0
502,20,1211.66,576.9,68.33999999999992,143.10000000000002,1,1,1.0
502,21,0.0,505.58,374.46,208.52000000000004,1,1,1.0
503,21,0.08,500.57,426.79,198.70999999999998,1,1,1.0
504,21,0.0,498.46,486.25,212.24000000000007,1,1,1.0
505,21,0.0,492.55,573.57,169.98999999999995,1,1,1.0
506,21,80.08,491.22,555.5699999999999,160.86,1,1,1.0
507,21,114.65,477.34,627.21,191.35000000000008,1,1,1.0
508,21,328.78,500.11,547.94,134.36,1,1,1.0
509,21,403.96,508.56,726.6700000000001,172.65000000000003,1,1,1.0
510,21,609.98,511.45,668.47,207.89000000000004,1,1,1.0
511,21,716.16,565.11,563.6,154.34000000000003,1,1,1.0
512,21,951.06,605.29,329.03,113.75999999999999,1,1,1.0
513,21,1007.99,602.51,272.01,117.49000000000001,1,1,1.0
695,22,119.78,664.5,335.91999999999996,55.32000000000005,1,1,1.0
696,22,120.37,648.97,380.38,70.81999999999994,1,1,1.0
697,22,144.54,636.77,399.6500000000001,83.18000000000006,1,1,1.0
698,22,170.89,619.62,414.52,100.26999999999998,1,1,1.0
699,22,145.41,613.03,479.36,106.95000000000005,1,1,1.0
700,22,221.45,608.6,458.95,111.20999999999992,1,1,1.0
701,22,259.97,599.62,454.9599999999999,119.98000000000002,1,1,1.0
702,22,273.72,594.08,495.98,125.44999999999993,1,1,1.0
703,22,247.1,579.75,567.38,139.75,1,1,1.0
704,22,314.42,579.46,538.1299999999999,139.39999999999998,1,1,1.0
705,22,348.7,583.15,557.0,135.83000000000004,1,1,1.0
706,22,399.17,573.26,544.26,146.64,1,1,1.0
707,22,456.34,557.66,571.8200000000002,162.49,1,1,1.0
708,22,494.2,555.59,587.0799999999999,164.08999999999992,1,1,1.0
709,22,537.69,548.53,596.21,171.70000000000005,1,1,1.0
710,22,569.75,576.32,628.54,143.26,1,1,1.0
711,22,623.44,591.96,597.54,127.91999999999996,1,1,1.0
712,22,675.39,590.73,584.7400000000001,129.0,1,1,1.0
713,22,734.03,579.74,543.77,139.95000000000005,1,1,1.0
714,22,773.0,563.06,506.02,156.58000000000004,1,1,1.0
715,22,833.82,550.44,446.9,169.75,1,1,1.0
716,22,881.6,548.18,399.80000000000007,171.58000000000004,1,1,1.0
717,22,929.04,559.35,351.51,160.80999999999995,1,1,1.0
718,22,989.15,578.16,291.85,141.94000000000005,1,1,1.0
719,22,1053.99,590.48,226.45000000000005,129.62,1,1,1.0
720,22,1107.02,611.48,174.1400000000001,108.14999999999998,1,1,1.0
721,22,1188.46,638.26,91.53999999999996,81.74000000000001,1,1,1.0
778,23,32.65,0.0,344.99,34.19,1,1,1.0
779,23,79.22,0.0,348.27,31.63,1,1,1.0
780,23,125.8,0.12,334.21,44.77,1,1,1.0
781,23,158.4,0.03,342.65999999999997,51.47,1,1,1.0
782,23,187.26,0.0,341.02,59.89,1,1,1.0
783,23,202.69,0.0,350.71999999999997,73.07,1,1,1.0
784,23,219.14,0.11,377.07000000000005,77.01,1,1,1.0
785,23,245.39,0.31,382.83000000000004,86.23,1,1,1.0
786,23,276.44,0.19,411.27000000000004,99.58,1,1,1.0
787,23,312.27,0.27,446.36,120.05,1,1,1.0
788,23,375.51,0.44,400.86,124.02,1,1,1.0
789,23,415.74,0.48,397.55999999999995,140.57000000000002,1,1,1.0
790,23,476.95,0.72,396.02000000000004,162.85,1,1,1.0
791,23,520.41,0.76,419.26,177.09,1,1,1.0
792,23,576.98,1.06,406.88,198.07999999999998,1,1,1.0
793,23,636.69,1.38,416.5999999999999,216.83,1,1,1.0
794,23,676.86,1.4,438.0300000000001,234.91,1,1,1.0
795,23,700.25,0.71,473.6300000000001,256.47,1,1,1.0
796,23,681.18,0.69,550.6899999999999,283.18,1,1,1.0
797,23,719.15,1.06,557.0300000000001,307.78,1,1,1.0
798,23,755.34,0.41,524.93,335.28999999999996,1,1,1.0
799,23,775.1,0.25,504.44999999999993,344.53,1,1,1.0
800,23,806.56,0.0,473.3800000000001,359.81,1,1,1.0
801,23,847.31,16.66,433.28999999999996,359.17999999999995,1,1,1.0
802,23,872.8,40.16,406.97,330.59000000000003,1,1,1.0
803,23,931.05,95.42,348.95000000000005,278.28,1,1,1.0
804,23,976.44,130.44,303.55999999999995,236.66000000000003,1,1,1.0
805,23,1006.69,144.92,274.1199999999999,241.83,1,1,1.0
806,23,1027.51,168.81,252.80999999999995,227.29000000000002,1,1,1.0
807,23,1044.03,186.86,236.17000000000007,200.89999999999998,1,1,1.0
808,23,1088.28,215.5,191.86000000000013,171.07,1,1,1.0
809,23,1156.58,224.52,123.46000000000004,145.73,1,1,1.0
810,23,1159.24,266.7,120.75999999999999,96.10000000000002,1,1,1.0
917,24,0.0,249.6,66.18,130.38000000000002,1,1,1.0
917,25,0.0,62.43,71.34,138.12,1,1,1.0
918,24,0.0,243.93,86.51,130.12,1,1,1.0
918,25,0.0,45.41,87.41,156.73,1,1,1.0
919,24,0.19,226.95,109.8,166.37,1,1,1.0
919,25,0.0,28.56,118.29,185.82,1,1,1.0
920,24,0.0,213.28,135.0,200.73999999999998,1,1,1.0
920,25,0.0,9.65,146.22,217.63,1,1,1.0
921,24,0.0,200.8,146.6,234.93,1,1,1.0
921,25,0.0,0.91,181.95,224.67000000000002,1,1,1.0
921,26,0.0,672.7,103.16,47.299999999999955,1,1,1.0
922,24,0.0,190.28,162.0,262.17999999999995,1,1,1.0
922,25,0.0,0.42,217.74,231.55,1,1,1.0
922,26,0.0,659.3,161.41,60.700000000000045,1,1,1.0
923,24,0.0,173.09,175.7,292.91999999999996,1,1,1.0
923,25,0.0,0.69,246.36,234.23,1,1,1.0
923,26,1.14,642.84,221.64000000000001,76.73000000000002,1,1,1.0
924,24,0.59,164.59,194.10999999999999,326.85,1,1,1.0
924,25,0.17,1.1,273.24,227.03,1,1,1.0
924,26,0.71,634.66,273.70000000000005,85.00999999999999,1,1,1.0
925,24,0.69,154.67,210.01,375.25,1,1,1.0
925,25,0.13,1.16,309.11,246.91,1,1,1.0
925,26,1.98,627.56,320.77,91.96000000000004,1,1,1.0
926,24,2.32,142.91,225.18,367.71000000000004,1,1,1.0
926,25,0.0,1.14,321.12,264.29,1,1,1.0
926,26,2.23,618.65,362.59,101.17000000000007,1,1,1.0
927,24,99.45,135.42,138.85000000000002,362.30000000000007,1,1,1.0
927,25,0.28,0.98,348.1,239.25,1,1,1.0
927,26,2.8,606.89,417.49,112.35000000000002,1,1,1.0
928,24,142.97,131.89,90.1,311.78000000000003,1,1,1.0
928,25,14.1,1.19,343.59999999999997,219.11,1,1,1.0
928,27,0.0,0.0,79.02,51.9,1,1,1.0
928,26,4.17,612.1,464.88,107.82999999999993,1,1,1.0
929,24,131.17,119.8,122.73000000000002,313.65,1,1,1.0
929,25,21.3,0.93,347.28,197.57,1,1,1.0
929,27,0.0,0.0,82.91,55.0,1,1,1.0
929,26,21.29,598.51,496.90000000000003,121.38999999999999,1,1,1.0
930,24,154.37,114.42,121.65999999999997,275.28,1,1,1.0
930,25,60.14,1.03,323.39,164.57,1,1,1.0
930,27,0.0,0.0,86.8,58.1,1,1,1.0
930,26,5.32,601.02,559.9,117.73000000000002,1,1,1.0
931,24,94.95,99.19,204.60000000000002,265.12,1,1,1.0
931,25,83.3,0.48,304.22999999999996,119.72,1,1,1.0
931,27,0.0,0.0,94.5,57.3,1,1,1.0
931,26,88.57,603.24,525.4200000000001,109.75999999999999,1,1,1.0
932,24,88.72,95.67,236.15,241.24,1,1,1.0
932,25,118.58,0.3,270.01,103.59,1,1,1.0
932,27,0.0,0.0,101.85,80.95,1,1,1.0
932,26,143.89,600.85,515.65,106.51999999999998,1,1,1.0
933,24,87.17,85.71,269.35999999999996,247.99,1,1,1.0
933,25,160.15,0.12,223.35999999999999,96.74,1,1,1.0
933,27,0.0,0.0,109.2,104.6,1,1,1.0
933,26,206.31,605.5,503.15000000000003,96.13,1,1,1.0
934,24,85.1,75.49,289.86,181.82999999999998,1,1,1.0
934,25,197.75,0.0,161.64999999999998,81.43,1,1,1.0
934,27,0.0,0.0,112.3,85.2,1,1,1.0
934,26,269.56,600.3,479.84999999999997,92.66000000000008,1,1,1.0
935,24,81.37,65.9,320.81,204.86999999999998,1,1,1.0
935,25,256.6,0.0,94.12,69.86,1,1,1.0
935,27,0.0,0.0,116.2,72.0,1,1,1.0
935,26,317.67,589.2,489.36999999999995,99.55999999999995,1,1,1.0
936,28,0.44,381.63,87.06,90.0,1,1,1.0
936,24,76.17,53.15,346.96,213.05999999999997,1,1,1.0
936,25,311.56,0.0,94.12,55.4,1,1,1.0
936,27,25.57,0.0,74.33000000000001,56.5,1,1,1.0
936,26,382.62,593.0,473.17999999999995,98.05999999999995,1,1,1.0
937,28,0.4,375.97,121.03999999999999,97.39999999999998,1,1,1.0
937,24,69.88,46.4,358.67,213.84,1,1,1.0
937,27,38.74,0.0,74.32999999999998,44.88,1,1,1.0
937,26,434.39,588.1,470.78,105.04999999999995,1,1,1.0
938,28,0.24,369.78,155.88,103.54000000000002,1,1,1.0
938,24,60.19,35.92,365.77,210.82999999999998,1,1,1.0
938,26,486.62,588.8,464.82000000000005,110.92000000000007,1,1,1.0
939,28,0.12,369.64,192.31,105.77000000000004,1,1,1.0
939,24,48.88,27.47,363.53000000000003,211.81,1,1,1.0
939,26,537.46,580.07,455.80999999999995,122.0,1,1,1.0
940,28,0.0,357.83,227.95,120.16000000000003,1,1,1.0
940,24,38.57,18.03,364.31,217.28,1,1,1.0
940,26,592.96,591.0,442.96000000000004,113.19000000000005,1,1,1.0
941,28,0.38,366.15,262.35,139.45000000000005,1,1,1.0
941,24,22.91,6.06,358.13,223.98,1,1,1.0
941,26,640.71,590.4,430.1399999999999,120.43000000000006,1,1,1.0
942,28,0.34,371.71,294.23,119.95000000000005,1,1,1.0
942,24,8.0,2.63,358.27,215.95000000000002,1,1,1.0
942,26,673.59,585.32,453.2399999999999,130.39999999999998,1,1,1.0
943,28,0.25,381.21,321.85,109.87,1,1,1.0
943,24,2.37,1.45,353.59,207.28,1,1,1.0
943,26,712.97,582.88,465.78,137.14999999999998,1,1,1.0
944,28,0.0,384.74,347.31,110.40999999999997,1,1,1.0
944,24,1.85,1.07,366.14,199.43,1,1,1.0
944,26,764.35,590.97,469.64,129.32999999999993,1,1,1.0
945,28,0.29,390.08,371.25,114.29000000000002,1,1,1.0
945,24,1.86,0.98,363.59999999999997,190.49,1,1,1.0
945,26,802.67,602.26,469.98000000000013,117.90999999999997,1,1,1.0
945,29,0.0,431.02,95.65,70.75,1,1,1.0
946,28,0.21,394.48,395.70000000000005,123.91999999999996,1,1,1.0
946,24,0.87,0.82,354.99,184.05,1,1,1.0
946,26,845.82,622.65,432.17999999999995,97.51999999999998,1,1,1.0
946,29,0.0,445.4,99.67,59.82000000000005,1,1,1.0
947,28,1.35,399.32,421.17999999999995,125.68,1,1,1.0
947,24,0.71,1.15,329.76000000000005,192.69,1,1,1.0
947,26,893.32,634.53,385.37,85.50999999999999,1,1,1.0
947,29,0.0,450.57,127.26,78.82999999999998,1,1,1.0
948,28,0.79,406.31,452.34999999999997,127.02000000000004,1,1,1.0
948,24,0.65,1.1,300.18,176.86,1,1,1.0
948,26,944.23,647.89,334.55999999999995,72.12,1,1,1.0
948,29,1.15,456.9,152.54999999999998,68.5,1,1,1.0
949,28,5.89,410.9,500.63,131.64999999999998,1,1,1.0
949,24,0.63,1.19,271.27,176.13,1,1,1.0
949,26,992.21,656.17,287.28,63.67000000000007,1,1,1.0
949,29,5.17,456.9,151.93,73.10000000000002,1,1,1.0
950,28,77.64,414.23,447.73,129.24,1,1,1.0
950,24,1.01,1.09,244.08,166.89,1,1,1.0
950,26,1032.23,658.94,246.6199999999999,61.02999999999997,1,1,1.0
950,29,0.0,456.02,165.28,79.95000000000005,1,1,1.0
951,28,123.59,410.32,433.9,140.82,1,1,1.0
951,24,1.22,0.89,234.73,156.24,1,1,1.0
951,26,1061.33,653.36,218.99,66.61000000000001,1,1,1.0
951,29,0.33,457.13,178.17999999999998,78.96000000000004,1,1,1.0
952,28,226.24,427.72,399.85,131.53999999999996,1,1,1.0
952,24,0.2,0.47,233.12,122.23,1,1,1.0
952,26,1135.89,648.59,144.01,71.10000000000002,1,1,1.0
952,29,0.71,449.26,222.15,90.47000000000003,1,1,1.0
953,28,259.9,450.69,415.9200000000001,102.36999999999995,1,1,1.0
953,24,1.28,0.37,233.23,108.00999999999999,1,1,1.0
953,26,1188.33,658.12,91.67000000000007,61.879999999999995,1,1,1.0
953,29,0.37,445.9,255.77999999999997,95.13,1,1,1.0
954,28,280.51,449.83,445.97,102.88000000000005,1,1,1.0
954,24,5.15,0.54,234.23999999999998,95.75,1,1,1.0
954,29,0.31,437.49,294.35,100.76999999999998,1,1,1.0
955,28,330.88,445.3,454.26,98.00999999999993,1,1,1.0
955,24,59.31,0.42,183.54,79.51,1,1,1.0
955,29,0.54,430.82,360.64,94.53000000000003,1,1,1.0
956,28,394.36,437.81,451.75,101.33999999999997,1,1,1.0
956,24,102.9,0.0,131.65,66.45,1,1,1.0
956,29,0.81,417.79,375.86,92.15999999999997,1,1,1.0
957,28,487.37,428.76,424.53999999999996,101.85000000000002,1,1,1.0
957,24,181.7,0.0,59.08000000000001,46.74,1,1,1.0
957,29,0.94,405.25,420.06,93.63,1,1,1.0
958,28,544.16,418.97,430.89,98.79999999999995,1,1,1.0
958,29,41.19,394.01,423.5,88.31,1,1,1.0
959,28,618.11,400.17,429.7199999999999,110.88,1,1,1.0
959,29,121.98,379.61,383.95,82.63999999999999,1,1,1.0
959,30,0.0,470.23,111.43,78.60000000000002,1,1,1.0
960,28,667.13,386.58,469.2700000000001,120.11000000000001,1,1,1.0
960,29,171.19,368.86,376.83,81.19,1,1,1.0
960,30,0.3,452.52,177.32,115.25999999999999,1,1,1.0
960,31,326.56,675.41,111.07999999999998,44.59000000000003,1,1,1.0
961,28,729.58,384.11,481.2299999999999,124.03999999999996,1,1,1.0
961,29,218.27,357.72,369.87,81.82,1,1,1.0
961,30,0.81,443.61,223.6,112.65999999999997,1,1,1.0
961,32,0.0,283.37,79.69,57.20999999999998,1,1,1.0
961,31,337.1,662.01,128.31,57.99000000000001,1,1,1.0
962,28,826.79,399.39,451.0,117.25,1,1,1.0
962,29,266.6,348.74,356.64,84.19999999999999,1,1,1.0
962,30,1.17,429.76,268.44,125.36000000000001,1,1,1.0
962,32,0.0,270.39,127.2,65.00999999999999,1,1,1.0
962,31,336.33,639.7,171.67000000000002,80.17999999999995,1,1,1.0
962,33,14.93,664.73,131.76,55.26999999999998,1,1,1.0
962,34,0.0,632.68,119.1,68.55000000000007,1,1,1.0
963,28,882.97,400.16,395.6199999999999,119.55000000000001,1,1,1.0
963,29,307.17,343.38,345.48999999999995,84.75,1,1,1.0
963,30,2.04,420.19,294.46999999999997,136.71999999999997,1,1,1.0
963,32,0.27,264.74,170.44,65.09999999999997,1,1,1.0
963,31,354.08,630.57,181.91000000000003,89.4799999999999,1,1,1.0
963,33,49.7,654.94,146.85000000000002,65.05999999999995,1,1,1.0
963,34,3.6,622.0,155.56,67.70000000000005,1,1,1.0
964,28,927.0,400.49,352.03,119.56999999999994,1,1,1.0
964,29,331.78,338.17,342.27,89.28999999999996,1,1,1.0
964,30,3.26,412.95,320.16,154.37000000000006,1,1,1.0
964,32,0.06,260.09,200.77,65.77000000000004,1,1,1.0
964,31,360.09,628.57,194.19,91.5,1,1,1.0
964,33,69.3,654.94,167.31,65.05999999999995,1,1,1.0
964,34,2.7,619.33,177.82000000000002,60.569999999999936,1,1,1.0
965,28,972.72,396.18,306.3799999999999,119.76000000000005,1,1,1.0
965,29,356.13,334.79,337.82000000000005,96.12,1,1,1.0
965,30,30.56,405.88,308.01,142.76999999999998,1,1,1.0
965,32,0.36,257.92,223.72,68.27999999999997,1,1,1.0
965,31,374.42,627.26,198.49999999999994,92.33000000000004,1,1,1.0
965,33,70.1,654.94,193.22,65.05999999999995,1,1,1.0
965,34,33.1,608.15,166.65,58.75,1,1,1.0
965,35,0.0,654.89,80.5,65.11000000000001,1,1,1.0
966,28,1000.54,390.76,278.9200000000001,119.25999999999999,1,1,1.0
966,29,379.75,335.71,334.17999999999995,99.59000000000003,1,1,1.0
966,30,20.54,400.45,332.03,151.76000000000005,1,1,1.0
966,32,0.85,258.11,245.67000000000002,74.43,1,1,1.0
966,31,377.06,628.67,211.46999999999997,90.97000000000003,1,1,1.0
966,33,87.9,663.84,212.80999999999997,56.15999999999997,1,1,1.0
966,34,19.5,613.75,196.24,57.64999999999998,1,1,1.0
966,35,0.0,647.59,107.25,72.40999999999997,1,1,1.0
967,28,1033.12,387.5,246.69000000000005,123.44999999999999,1,1,1.0
967,29,404.68,340.78,322.39000000000004,100.10000000000002,1,1,1.0
967,30,47.33,394.85,314.84000000000003,147.40999999999997,1,1,1.0
967,32,1.3,259.43,255.34999999999997,76.15999999999997,1,1,1.0
967,31,386.01,631.73,219.47000000000003,87.78999999999996,1,1,1.0
967,33,130.6,675.42,184.35,44.58000000000004,1,1,1.0
967,34,41.4,615.65,192.17,58.35000000000002,1,1,1.0
967,35,0.0,637.25,124.88,82.75,1,1,1.0
968,28,1067.29,389.37,212.51,117.12,1,1,1.0
968,36,0.63,578.3,52.15,52.3900000000001,1,1,1.0
968,29,414.21,349.3,325.40000000000003,96.76999999999998,1,1,1.0
968,30,54.76,394.27,317.2,143.19000000000005,1,1,1.0
968,32,1.28,262.59,262.27000000000004,76.99000000000001,1,1,1.0
968,31,387.01,638.76,225.31000000000006,80.86000000000001,1,1,1.0
968,33,165.4,685.21,166.47,34.789999999999964,1,1,1.0
968,34,52.1,622.45,188.09,62.34999999999991,1,1,1.0
968,35,0.0,636.13,138.43,83.87,1,1,1.0
969,28,1096.84,395.2,182.70000000000005,108.80000000000001,1,1,1.0
969,36,0.63,585.03,49.94,54.610000000000014,1,1,1.0
969,29,421.95,357.05,327.25000000000006,94.02999999999997,1,1,1.0
969,30,65.5,393.67,307.82,147.2,1,1,1.0
969,32,1.15,267.08,261.83000000000004,78.46000000000004,1,1,1.0
969,31,377.31,643.01,239.14000000000004,76.58000000000004,1,1,1.0
969,34,101.9,635.8,142.73999999999998,58.40000000000009,1,1,1.0
969,35,0.0,635.05,144.44,84.95000000000005,1,1,1.0
970,28,1120.8,403.94,158.76999999999998,101.88,1,1,1.0
970,36,0.34,594.85,43.959999999999994,52.64999999999998,1,1,1.0
970,29,428.55,358.72,334.00999999999993,108.60999999999996,1,1,1.0
970,30,78.57,397.36,294.73,150.89999999999998,1,1,1.0
970,32,0.88,272.04,258.31,85.06,1,1,1.0
970,31,373.47,655.1,244.02999999999997,64.45999999999992,1,1,1.0
970,34,108.9,646.59,136.91,70.70999999999992,1,1,1.0
970,35,0.0,636.87,149.91,83.13,1,1,1.0
971,28,1142.13,414.4,137.67999999999984,90.19,1,1,1.0
971,36,0.34,594.85,43.959999999999994,52.64999999999998,1,1,1.0
971,29,434.69,365.21,326.09,114.11000000000001,1,1,1.0
971,30,56.35,401.96,311.62,169.14000000000004,1,1,1.0
971,32,0.95,277.34,253.18,90.67000000000002,1,1,1.0
971,31,363.53,653.97,262.9100000000001,65.81999999999994,1,1,1.0
971,34,105.2,664.4,133.3,55.60000000000002,1,1,1.0
971,35,0.0,636.76,155.21,83.24000000000001,1,1,1.0
972,28,1163.08,425.11,117.10000000000014,78.81,1,1,1.0
972,36,0.32,601.58,51.32,55.389999999999986,1,1,1.0
972,37,533.74,0.0,277.46000000000004,50.21,1,1,1.0
972,29,439.76,372.35,330.12,106.32999999999998,1,1,1.0
972,30,40.14,405.0,333.03000000000003,187.27999999999997,1,1,1.0
972,32,0.8,281.78,251.5,89.18,1,1,1.0
972,31,362.89,652.28,273.55000000000007,67.23000000000002,1,1,1.0
972,34,104.3,670.83,135.8,49.16999999999996,1,1,1.0
972,35,0.0,632.91,164.61,87.09000000000003,1,1,1.0
973,28,1190.3,434.69,89.75,66.73000000000002,1,1,1.0
973,36,0.3,608.31,58.68,58.13000000000011,1,1,1.0
973,37,535.42,0.0,307.85,66.23,1,1,1.0
973,29,449.4,385.01,332.80000000000007,101.61000000000001,1,1,1.0
973,30,4.75,408.83,369.69,198.2,1,1,1.0
973,32,0.84,286.13,257.83000000000004,88.07999999999998,1,1,1.0
973,31,385.54,658.83,263.41,61.24000000000001,1,1,1.0
973,34,130.6,681.22,115.59,38.77999999999997,1,1,1.0
973,35,0.83,636.96,186.92,83.03999999999996,1,1,1.0
974,28,1217.71,441.38,62.42000000000007,59.80000000000001,1,1,1.0
974,36,0.28,615.03,66.03999999999999,60.879999999999995,1,1,1.0
974,37,524.52,0.14,339.78,73.49,1,1,1.0
974,29,464.42,393.79,334.09,95.87,1,1,1.0
974,30,28.3,409.89,355.9,205.01,1,1,1.0
974,32,0.84,290.02,271.02000000000004,83.09000000000003,1,1,1.0
974,31,426.34,658.74,235.35000000000008,61.210000000000036,1,1,1.0
974,34,143.4,679.14,115.24999999999997,40.860000000000014,1,1,1.0
974,35,1.28,644.9,206.5,73.81000000000006,1,1,1.0
975,36,0.26,621.76,73.39999999999999,63.620000000000005,1,1,1.0
975,37,518.48,0.16,377.24,85.91,1,1,1.0
975,29,472.09,406.93,341.93,85.88,1,1,1.0
975,30,39.29,412.7,361.7,197.82999999999998,1,1,1.0
975,32,1.69,293.97,288.0,81.36999999999995,1,1,1.0
975,31,447.07,662.48,227.55,57.360000000000014,1,1,1.0
975,34,191.4,674.72,84.76000000000002,45.27999999999997,1,1,1.0
975,35,0.0,652.94,235.95,67.05999999999995,1,1,1.0
975,38,0.0,539.01,59.15,58.389999999999986,1,1,1.0
976,36,0.31,622.45,85.75999999999999,68.90999999999997,1,1,1.0
976,37,541.43,0.03,399.3900000000001,94.55,1,1,1.0
976,29,488.27,414.75,344.40999999999997,86.75,1,1,1.0
976,30,78.7,409.52,337.85,190.81000000000006,1,1,1.0
976,32,1.79,293.81,305.22999999999996,90.35000000000002,1,1,1.0
976,31,476.83,660.21,216.57999999999998,59.48000000000002,1,1,1.0
976,34,193.1,674.43,100.15,45.57000000000005,1,1,1.0
976,35,1.82,657.0,260.32,63.0,1,1,1.0
976,38,0.0,546.04,71.11,61.16000000000008,1,1,1.0
977,36,0.66,625.32,102.92,70.66999999999996,1,1,1.0
977,37,575.03,0.06,401.5400000000001,103.88,1,1,1.0
977,29,500.23,419.49,352.81999999999994,86.21999999999997,1,1,1.0
977,30,83.55,402.48,355.71,192.79999999999995,1,1,1.0
977,32,3.69,295.02,319.92,94.61000000000001,1,1,1.0
977,31,501.03,657.44,208.81000000000006,62.25,1,1,1.0
977,34,214.64,681.35,100.16000000000003,38.64999999999998,1,1,1.0
977,35,21.69,655.42,275.37,64.58000000000004,1,1,1.0
977,38,0.0,534.79,86.59,73.81000000000006,1,1,1.0
978,36,0.77,624.73,121.48,78.12,1,1,1.0
978,37,615.65,1.34,404.57000000000005,111.11999999999999,1,1,1.0
978,29,520.58,421.89,353.38,91.22000000000003,1,1,1.0
978,30,126.29,399.0,328.10999999999996,168.89999999999998,1,1,1.0
978,32,22.57,296.61,320.15000000000003,92.44999999999999,1,1,1.0
978,31,519.92,657.53,213.5300000000001,62.16000000000008,1,1,1.0
978,35,10.93,652.28,313.59,67.72000000000003,1,1,1.0
978,38,0.0,536.19,116.84,83.00999999999999,1,1,1.0
979,36,0.92,625.47,139.70000000000002,90.45999999999992,1,1,1.0
979,37,657.24,3.02,409.71000000000004,116.96000000000001,1,1,1.0
979,29,546.39,424.86,350.74,92.56999999999994,1,1,1.0
979,30,148.72,395.08,325.33000000000004,163.07999999999998,1,1,1.0
979,32,37.28,296.28,321.63,96.73000000000002,1,1,1.0
979,31,538.1,657.86,209.84000000000003,61.879999999999995,1,1,1.0
979,35,51.04,651.69,298.79999999999995,68.30999999999995,1,1,1.0
979,38,0.29,535.24,141.98000000000002,99.73000000000002,1,1,1.0
979,39,0.0,0.0,187.71,29.86,1,1,1.0
980,36,0.97,626.67,154.52,90.72000000000003,1,1,1.0
980,37,687.46,8.1,422.26,118.02000000000001,1,1,1.0
980,29,573.5,429.2,346.89,89.32999999999998,1,1,1.0
980,30,187.7,390.57,304.16,153.63000000000005,1,1,1.0
980,32,37.77,297.14,338.84000000000003,108.43,1,1,1.0
980,31,551.92,657.49,212.01,62.25,1,1,1.0
980,35,74.49,644.57,311.78999999999996,75.42999999999995,1,1,1.0
980,38,0.51,534.8,165.5,102.61000000000001,1,1,1.0
980,39,0.0,0.0,178.89,32.38,1,1,1.0
981,36,1.06,627.27,180.7,88.99000000000001,1,1,1.0
981,37,734.53,15.76,427.77,113.17,1,1,1.0
981,29,593.32,432.64,351.54999999999995,86.24000000000001,1,1,1.0
981,30,196.21,388.23,311.38,153.48000000000002,1,1,1.0
981,32,51.87,296.31,345.71999999999997,116.63,1,1,1.0
981,31,561.14,655.73,224.97000000000003,64.0,1,1,1.0
981,35,97.59,640.76,314.83000000000004,79.24000000000001,1,1,1.0
981,38,0.78,533.49,191.0,110.77999999999997,1,1,1.0
981,39,0.0,0.0,158.42,39.24,1,1,1.0
982,36,0.15,627.22,197.98,90.45999999999992,1,1,1.0
982,37,771.05,19.26,445.43000000000006,114.64,1,1,1.0
982,29,616.75,430.34,354.29999999999995,90.57,1,1,1.0
982,30,207.17,385.03,325.13,161.18000000000006,1,1,1.0
982,32,78.69,294.83,340.98,121.30000000000001,1,1,1.0
982,31,573.65,654.51,235.27999999999997,65.27999999999997,1,1,1.0
982,35,72.0,624.35,370.21,94.92999999999995,1,1,1.0
982,38,0.62,529.99,221.6,112.09000000000003,1,1,1.0
982,39,0.0,0.0,146.26,53.54,1,1,1.0
983,36,0.76,624.84,226.94,95.15999999999997,1,1,1.0
983,37,811.44,19.44,460.27,115.62,1,1,1.0
983,29,639.88,426.96,349.94000000000005,93.70999999999998,1,1,1.0
983,30,229.46,380.68,316.5999999999999,167.57999999999998,1,1,1.0
983,32,106.13,293.23,333.16,117.45999999999998,1,1,1.0
983,31,580.77,651.23,255.85000000000002,68.63999999999999,1,1,1.0
983,35,63.2,618.23,409.72,101.76999999999998,1,1,1.0
983,38,0.27,525.46,255.01,120.70999999999992,1,1,1.0
983,39,0.17,0.0,125.83,60.86,1,1,1.0
984,36,0.0,614.52,255.87,105.48000000000002,1,1,1.0
984,37,848.86,17.6,429.81000000000006,115.83000000000001,1,1,1.0
984,29,661.42,423.53,359.7900000000001,97.61000000000001,1,1,1.0
984,30,251.27,373.76,316.19000000000005,168.95000000000005,1,1,1.0
984,32,151.47,287.04,312.36,111.69999999999999,1,1,1.0
984,31,590.04,647.22,269.72,72.44999999999993,1,1,1.0
984,35,115.5,599.05,392.32,120.63,1,1,1.0
984,38,0.28,513.46,284.11,132.11,1,1,1.0
984,39,0.0,0.0,120.75,63.31,1,1,1.0
985,36,1.64,603.73,276.52000000000004,115.76999999999998,1,1,1.0
985,37,894.16,16.05,384.63,114.95,1,1,1.0
985,29,688.02,423.25,362.4000000000001,94.95000000000005,1,1,1.0
985,30,280.03,366.01,319.95000000000005,160.19000000000005,1,1,1.0
985,32,182.95,282.25,307.19,104.86000000000001,1,1,1.0
985,31,592.75,638.24,283.08000000000004,81.09000000000003,1,1,1.0
985,35,122.0,596.97,412.11,122.13999999999999,1,1,1.0
985,38,0.99,504.88,313.17,138.24,1,1,1.0
985,39,0.05,0.29,107.19,63.29,1,1,1.0
986,36,3.27,592.95,297.18,126.04999999999995,1,1,1.0
986,37,926.63,10.13,351.92999999999995,116.49000000000001,1,1,1.0
986,29,712.88,423.6,363.7199999999999,91.68999999999994,1,1,1.0
986,30,319.01,353.96,302.18000000000006,147.84000000000003,1,1,1.0
986,32,211.76,275.77,299.78000000000003,106.42000000000002,1,1,1.0
986,31,578.15,630.22,315.72,88.66999999999996,1,1,1.0
986,35,102.2,590.42,457.62000000000006,128.61,1,1,1.0
986,38,1.8,496.18,339.62,152.06,1,1,1.0
986,39,0.18,1.12,107.05999999999999,64.91,1,1,1.0
986,40,0.0,265.75,51.53,49.94999999999999,1,1,1.0
987,36,4.62,574.11,321.19,144.43999999999994,1,1,1.0
987,37,980.68,3.38,298.2700000000001,112.64,1,1,1.0
987,29,731.8,422.73,376.06999999999994,88.66999999999996,1,1,1.0
987,30,343.28,343.71,305.22,135.65000000000003,1,1,1.0
987,32,246.95,266.14,290.49000000000007,103.63999999999999,1,1,1.0
987,31,603.56,620.94,316.69000000000005,97.38,1,1,1.0
987,34,395.0,676.38,172.35000000000002,43.620000000000005,1,1,1.0
987,35,141.1,580.25,445.97,139.75,1,1,1.0
987,38,1.36,482.66,367.61,166.35999999999996,1,1,1.0
987,39,0.25,0.39,109.55,70.82,1,1,1.0
987,40,0.22,246.32,79.63,64.32999999999998,1,1,1.0
988,36,4.72,563.24,342.26,155.12,1,1,1.0
988,37,1036.06,2.89,243.18000000000006,107.67,1,1,1.0
988,29,754.51,421.05,383.3800000000001,89.33999999999997,1,1,1.0
988,30,379.42,331.25,283.85999999999996,133.77999999999997,1,1,1.0
988,32,273.36,255.92,285.76,103.06000000000003,1,1,1.0
988,31,614.35,613.2,323.63,101.21999999999991,1,1,1.0
988,34,397.31,669.46,177.69,49.74000000000001,1,1,1.0
988,35,164.26,566.09,450.16999999999996,151.38,1,1,1.0
988,38,2.43,468.94,393.15999999999997,180.57,1,1,1.0
988,39,0.33,0.22,102.86,69.16,1,1,1.0
988,40,0.49,240.15,106.02000000000001,72.07000000000002,1,1,1.0
988,41,0.0,119.24,69.33,54.489999999999995,1,1,1.0
988,42,0.0,540.5,75.2,54.14999999999998,1,1,1.0
989,36,11.79,547.01,358.96999999999997,168.98000000000002,1,1,1.0
989,37,1058.28,5.32,220.94000000000005,92.16,1,1,1.0
989,43,0.07,430.25,64.84,81.11000000000001,1,1,1.0
989,29,763.78,414.17,409.6300000000001,91.51999999999998,1,1,1.0
989,30,400.8,315.68,286.91,138.52999999999997,1,1,1.0
989,32,287.2,245.14,298.21999999999997,99.94999999999999,1,1,1.0
989,31,640.19,599.18,317.69999999999993,90.20000000000005,1,1,1.0
989,34,362.45,653.36,251.87000000000006,66.02999999999997,1,1,1.0
989,35,202.77,552.9,435.06000000000006,165.26999999999998,1,1,1.0
989,38,2.27,459.71,418.27000000000004,157.02000000000004,1,1,1.0
989,39,0.0,0.0,94.87,65.6,1,1,1.0
989,40,0.27,227.53,132.57,79.1,1,1,1.0
989,41,0.26,107.3,99.71,67.91000000000001,1,1,1.0
989,42,0.0,533.05,92.9,60.65000000000009,1,1,1.0
990,36,36.34,533.5,356.87,182.67999999999995,1,1,1.0
990,37,1126.22,1.6,153.23000000000002,81.69000000000001,1,1,1.0
990,43,0.3,420.61,82.75,83.70999999999998,1,1,1.0
990,29,802.38,411.24,394.31000000000006,90.51999999999998,1,1,1.0
990,30,420.9,306.0,291.03,125.89999999999998,1,1,1.0
990,32,296.62,236.56,310.83000000000004,106.71999999999997,1,1,1.0
990,31,657.75,592.16,315.80999999999995,85.84000000000003,1,1,1.0
990,34,373.51,634.83,275.33000000000004,84.06999999999994,1,1,1.0
990,35,221.6,543.3,441.78999999999996,174.43000000000006,1,1,1.0
990,38,2.85,446.11,444.08,148.77999999999997,1,1,1.0
990,39,0.0,0.0,82.0,58.03,1,1,1.0
990,40,0.44,220.42,162.89000000000001,80.35999999999999,1,1,1.0
990,41,0.25,98.06,112.36,71.5,1,1,1.0
990,42,2.8,520.0,117.13000000000001,75.55999999999995,1,1,1.0
991,36,101.7,511.28,314.78000000000003,176.42000000000007,1,1,1.0
991,44,269.24,640.78,136.18,79.09000000000003,1,1,1.0
991,37,1126.22,1.6,153.23000000000002,81.69000000000001,1,1,1.0
991,43,1.02,404.95,119.75,93.32999999999998,1,1,1.0
991,29,848.93,403.99,397.5300000000001,99.63,1,1,1.0
991,30,446.35,281.6,314.23,134.14999999999998,1,1,1.0
991,32,313.3,226.57,320.60999999999996,108.82999999999998,1,1,1.0
991,31,679.05,573.07,337.12,97.6099999999999,1,1,1.0
991,34,403.08,615.36,266.83,102.33000000000004,1,1,1.0
991,35,303.67,518.59,392.93,155.11,1,1,1.0
991,38,114.0,423.19,367.59,171.51000000000005,1,1,1.0
991,39,0.0,0.0,49.46,43.65,1,1,1.0
991,40,0.07,196.09,178.71,89.66,1,1,1.0
991,41,0.44,78.29,149.46,86.58999999999999,1,1,1.0
991,45,45.64,677.0,138.32999999999998,43.0,1,1,1.0
991,42,0.0,508.9,179.57,78.27999999999997,1,1,1.0
992,36,129.6,493.8,332.6,171.3,1,1,1.0
992,44,218.31,612.21,235.48000000000002,106.94999999999993,1,1,1.0
992,37,1139.78,0.0,140.22000000000003,75.15,1,1,1.0
992,43,0.81,383.18,167.27,108.99000000000001,1,1,1.0
992,29,905.61,386.22,372.93999999999994,114.65999999999997,1,1,1.0
992,30,476.82,261.85,335.06,133.37,1,1,1.0
992,32,369.8,196.26,325.78000000000003,124.24000000000001,1,1,1.0
992,31,724.38,556.08,344.87,99.64999999999998,1,1,1.0
992,34,436.9,600.56,300.13,95.24000000000001,1,1,1.0
992,35,402.01,508.01,369.4,105.88999999999999,1,1,1.0
992,38,141.7,401.95,409.8,162.45,1,1,1.0
992,39,0.0,0.0,31.3,33.06,1,1,1.0
992,40,0.89,181.35,256.01,79.15,1,1,1.0
992,41,0.19,60.86,190.47,97.74,1,1,1.0
992,45,59.6,664.74,144.51000000000002,55.25999999999999,1,1,1.0
992,42,0.0,494.0,235.48,78.26999999999998,1,1,1.0
993,36,163.94,479.2,334.76,171.42000000000002,1,1,1.0
993,44,222.21,585.81,259.28,133.1500000000001,1,1,1.0
993,37,1139.78,0.0,140.22000000000003,75.15,1,1,1.0
993,43,0.42,368.28,200.04000000000002,115.29000000000002,1,1,1.0
993,29,928.35,382.85,350.4,127.26999999999998,1,1,1.0
993,30,525.18,252.82,314.99,126.62,1,1,1.0
993,32,425.61,190.72,302.88,94.84,1,1,1.0
993,31,771.11,548.33,288.15,91.45999999999992,1,1,1.0
993,34,495.78,597.37,293.1,86.48000000000002,1,1,1.0
993,35,402.84,498.54,407.02000000000004,96.55000000000001,1,1,1.0
993,38,202.03,384.86,373.57000000000005,148.69999999999993,1,1,1.0
993,40,0.77,174.18,278.13,79.51999999999998,1,1,1.0
993,41,0.04,51.61,227.8,104.3,1,1,1.0
993,45,35.1,648.98,199.66,71.01999999999998,1,1,1.0
993,42,1.0,485.3,277.79,78.60999999999996,1,1,1.0
994,36,183.91,470.85,332.12,174.72000000000003,1,1,1.0
994,44,236.56,581.69,268.62,137.06999999999994,1,1,1.0
994,37,1139.78,0.0,140.22000000000003,75.15,1,1,1.0
994,43,0.19,355.34,215.92000000000002,131.27000000000004,1,1,1.0
994,29,963.31,380.58,315.55999999999995,144.51000000000005,1,1,1.0
994,30,541.34,243.8,325.30999999999995,126.07999999999998,1,1,1.0
994,32,452.39,181.62,303.15999999999997,105.31,1,1,1.0
994,31,796.6,545.43,309.65999999999997,89.37,1,1,1.0
994,34,475.0,590.9,334.03,96.5,1,1,1.0
994,35,440.81,491.76,376.7,93.87,1,1,1.0
994,38,243.5,376.72,338.61,128.38,1,1,1.0
994,40,1.98,167.79,304.88,82.36000000000001,1,1,1.0
994,41,3.95,42.83,253.46000000000004,103.85000000000001,1,1,1.0
994,45,14.41,639.86,239.04,78.60000000000002,1,1,1.0
994,42,1.16,474.1,302.31,88.38,1,1,1.0
995,36,203.28,461.64,341.76,181.36,1,1,1.0
995,44,231.32,574.7,297.08,144.38,1,1,1.0
995,43,0.35,349.16,241.64000000000001,139.94,1,1,1.0
995,29,981.79,387.7,297.09000000000015,97.19999999999999,1,1,1.0
995,30,566.05,238.66,317.71000000000004,118.76000000000002,1,1,1.0
995,32,479.81,171.67,301.38000000000005,106.72999999999999,1,1,1.0
995,31,818.4,542.41,308.16999999999996,79.69000000000005,1,1,1.0
995,34,475.83,584.48,348.99000000000007,114.71000000000004,1,1,1.0
995,35,446.83,483.7,403.68,100.42000000000002,1,1,1.0
995,38,252.41,372.69,375.1700000000001,111.10000000000002,1,1,1.0
995,40,2.49,159.63,336.8,98.66000000000003,1,1,1.0
995,41,36.87,36.54,250.48000000000002,97.22,1,1,1.0
995,45,19.7,628.48,252.14,91.51999999999998,1,1,1.0
995,42,2.66,470.8,326.5,88.25999999999993,1,1,1.0
995,46,0.0,438.69,191.77,53.70999999999998,1,1,1.0
996,36,251.93,452.88,314.59,154.47000000000003,1,1,1.0
996,44,252.37,564.53,304.30999999999995,154.32000000000005,1,1,1.0
996,43,1.33,341.82,257.36,124.12,1,1,1.0
996,47,704.79,692.46,341.1200000000001,27.329999999999927,1,1,1.0
996,29,1014.03,398.16,265.03,86.25,1,1,1.0
996,30,585.89,231.41,325.6,110.60999999999999,1,1,1.0
996,32,480.0,166.76,324.95000000000005,102.63999999999999,1,1,1.0
996,31,850.28,539.69,292.0799999999999,80.30999999999995,1,1,1.0
996,34,504.33,576.81,384.76000000000005,110.83000000000004,1,1,1.0
996,35,484.1,479.64,391.39,100.74000000000001,1,1,1.0
996,38,283.72,362.82,368.68999999999994,110.24000000000001,1,1,1.0
996,40,58.51,152.8,305.98,91.01999999999998,1,1,1.0
996,41,66.85,28.12,245.60999999999999,94.47,1,1,1.0
996,45,42.53,621.28,237.07000000000002,96.59000000000003,1,1,1.0
996,42,3.96,464.1,352.23,91.99000000000001,1,1,1.0
996,46,11.26,434.35,191.78,53.71999999999997,1,1,1.0
996,48,0.12,292.47,72.71,81.51999999999998,1,1,1.0
997,36,253.43,445.32,332.81,155.65000000000003,1,1,1.0
997,44,259.7,557.51,326.92,160.15999999999997,1,1,1.0
997,43,1.39,334.28,279.40000000000003,131.52000000000004,1,1,1.0
997,47,725.38,685.64,365.15999999999997,34.26999999999998,1,1,1.0
997,29,1044.91,400.02,234.1099999999999,85.61000000000001,1,1,1.0
997,30,610.45,225.06,329.43999999999994,100.25999999999999,1,1,1.0
997,32,520.15,159.85,312.11,97.89000000000001,1,1,1.0
997,31,866.9,537.81,294.82000000000005,83.29000000000008,1,1,1.0
997,34,533.89,578.55,366.39,117.35000000000002,1,1,1.0
997,35,519.43,474.62,394.09000000000003,113.77999999999997,1,1,1.0
997,38,311.02,355.81,367.32000000000005,111.18,1,1,1.0
997,40,89.69,150.29,305.52,86.05000000000001,1,1,1.0
997,41,92.08,20.43,242.48000000000002,93.47,1,1,1.0
997,45,56.1,610.95,247.72,84.75,1,1,1.0
997,42,9.57,463.8,362.89,87.08999999999997,1,1,1.0
997,46,25.99,428.29,191.76999999999998,53.70999999999998,1,1,1.0
997,48,0.77,287.22,91.22,96.96999999999997,1,1,1.0
998,36,292.52,436.67,313.78,141.95,1,1,1.0
998,44,271.5,553.52,330.4,164.81000000000006,1,1,1.0
998,43,2.39,329.86,295.97,139.36,1,1,1.0
998,47,824.22,681.55,285.52,38.08000000000004,1,1,1.0
998,29,1079.12,405.95,200.67000000000007,79.41000000000003,1,1,1.0
998,30,631.37,220.14,335.93999999999994,89.88,1,1,1.0
998,32,536.77,154.09,322.53,102.84,1,1,1.0
998,31,874.3,535.87,309.34000000000015,76.58000000000004,1,1,1.0
998,34,546.99,572.78,385.65,93.50999999999999,1,1,1.0
998,35,532.33,468.82,408.52,104.75000000000006,1,1,1.0
998,38,343.3,349.58,359.03000000000003,119.22000000000003,1,1,1.0
998,40,126.59,145.88,291.21000000000004,82.78999999999999,1,1,1.0
998,41,96.67,14.64,259.9,101.21,1,1,1.0
998,49,0.3,178.13,74.87,72.81,1,1,1.0
998,45,34.5,601.01,292.98,93.28999999999996,1,1,1.0
998,42,30.83,456.4,359.74,89.19000000000005,1,1,1.0
998,46,0.0,423.96,229.89,92.64000000000004,1,1,1.0
998,48,0.89,280.24,112.72,109.21999999999997,1,1,1.0
999,36,321.5,425.43,306.0,134.86999999999995,1,1,1.0
999,44,274.44,541.48,356.8,176.60000000000002,1,1,1.0
999,43,3.16,325.66,319.27,137.81,1,1,1.0
999,47,857.19,673.35,283.3399999999999,46.360000000000014,1,1,1.0
999,29,1114.39,407.42,165.05999999999995,75.43,1,1,1.0
999,30,655.26,216.11,337.81000000000006,85.57999999999998,1,1,1.0
999,32,556.01,148.23,330.56000000000006,106.73000000000002,1,1,1.0
999,31,877.3,533.82,322.25,76.38999999999999,1,1,1.0
999,34,572.1,569.44,379.73,90.01999999999998,1,1,1.0
999,35,554.8,463.57,417.26,118.17000000000002,1,1,1.0
999,38,354.05,342.7,379.48999999999995,121.90000000000003,1,1,1.0
999,40,148.91,141.77,300.90999999999997,84.28999999999999,1,1,1.0
999,41,110.29,8.99,269.21999999999997,110.94000000000001,1,1,1.0
999,49,0.17,167.49,115.3,92.07,1,1,1.0
999,45,57.0,600.69,276.22,86.50999999999999,1,1,1.0
999,42,37.24,451.9,379.03,94.76999999999998,1,1,1.0
999,46,0.0,424.82,242.02,100.47999999999996,1,1,1.0
999,48,0.95,278.47,131.25,119.52999999999997,1,1,1.0
999,50,0.0,567.06,66.35,45.66000000000008,1,1,1.0
1000,36,340.5,421.87,312.75,130.33000000000004,1,1,1.0
1000,44,309.77,531.53,340.72,185.94000000000005,1,1,1.0
1000,43,4.3,323.95,340.86,145.68,1,1,1.0
1000,47,887.65,667.42,321.88,52.360000000000014,1,1,1.0
1000,29,1142.63,406.46,137.01999999999998,70.73000000000002,1,1,1.0
1000,30,672.67,210.95,354.05000000000007,84.19999999999999,1,1,1.0
1000,32,579.56,140.57,330.6700000000001,112.52000000000001,1,1,1.0
1000,31,896.8,533.14,335.47,74.73000000000002,1,1,1.0
1000,34,611.88,560.99,375.39,96.63,1,1,1.0
1000,35,591.63,462.01,411.75,128.10000000000002,1,1,1.0
1000,38,376.66,338.25,381.69,130.07,1,1,1.0
1000,40,174.07,137.8,295.05,85.16999999999999,1,1,1.0
1000,41,127.61,4.13,271.43,116.58,1,1,1.0
1000,49,0.64,162.96,145.19000000000003,110.78,1,1,1.0
1000,45,88.5,597.94,260.96,95.05999999999995,1,1,1.0
1000,42,61.09,454.0,405.32000000000005,91.0,1,1,1.0
1000,46,0.9,419.79,259.20000000000005,113.20999999999998,1,1,1.0
1000,48,0.79,277.4,148.8,118.31,1,1,1.0
1000,50,0.0,560.53,91.51,54.07000000000005,1,1,1.0
1001,36,444.55,417.32,221.83999999999997,110.73999999999995,1,1,1.0
1001,44,309.77,531.53,340.72,173.87,1,1,1.0
1001,43,27.26,322.12,336.16,139.33999999999997,1,1,1.0
1001,47,923.06,665.44,345.6700000000001,54.1099999999999,1,1,1.0
1001,29,1173.86,403.38,105.87000000000012,69.28000000000003,1,1,1.0
1001,30,695.65,205.9,363.90999999999997,86.53999999999999,1,1,1.0
1001,32,598.24,129.99,339.64,123.22,1,1,1.0
1001,31,920.2,532.13,328.44000000000005,79.25,1,1,1.0
1001,34,643.99,561.27,372.39,98.68000000000006,1,1,1.0
1001,35,616.24,462.6,422.76,124.86000000000001,1,1,1.0
1001,38,405.53,335.03,379.7900000000001,138.68,1,1,1.0
1001,40,184.18,133.71,309.43,90.13999999999999,1,1,1.0
1001,41,162.22,2.2,266.82000000000005,110.50999999999999,1,1,1.0
1001,49,0.36,157.41,187.19,116.22999999999999,1,1,1.0
1001,45,118.3,594.15,247.56,90.55000000000007,1,1,1.0
1001,42,53.76,455.2,435.65000000000003,100.44999999999999,1,1,1.0
1001,46,5.4,418.14,275.68,115.96000000000004,1,1,1.0
1001,48,0.68,276.35,167.67,118.25999999999999,1,1,1.0
1001,50,0.0,561.46,98.96,64.33999999999992,1,1,1.0
1001,51,412.63,677.67,124.88,42.33000000000004,1,1,1.0
1002,36,460.8,413.09,223.60999999999996,97.31,1,1,1.0
1002,44,370.18,526.66,317.90000000000003,134.34000000000003,1,1,1.0
1002,43,55.39,321.27,333.45,134.34000000000003,1,1,1.0
1002,47,943.38,663.65,333.90999999999997,55.99000000000001,1,1,1.0
1002,29,1192.23,399.52,87.56999999999994,62.150000000000034,1,1,1.0
1002,30,716.75,202.4,375.1500000000001,90.72999999999999,1,1,1.0
1002,32,621.02,130.27,340.77,119.25999999999999,1,1,1.0
1002,31,983.72,530.94,285.48,72.81999999999994,1,1,1.0
1002,34,667.79,558.7,391.3700000000001,102.59999999999991,1,1,1.0
1002,35,656.75,458.93,409.68000000000006,116.42000000000002,1,1,1.0
1002,38,425.2,330.51,387.34999999999997,140.57,1,1,1.0
1002,40,206.43,131.52,318.09,103.32,1,1,1.0
1002,41,195.39,0.32,263.44,105.2,1,1,1.0
1002,49,0.34,155.08,227.81,121.00999999999996,1,1,1.0
1002,45,129.2,594.95,254.56,84.04999999999995,1,1,1.0
1002,42,77.78,454.6,425.92999999999995,102.25,1,1,1.0
1002,46,9.7,419.15,292.90000000000003,112.95000000000005,1,1,1.0
1002,48,0.83,279.47,191.98999999999998,117.14999999999998,1,1,1.0
1002,50,0.0,559.6,128.78,84.79999999999995,1,1,1.0
1002,51,432.2,681.39,124.88000000000005,38.610000000000014,1,1,1.0
1003,36,477.33,411.13,224.3,99.19,1,1,1.0
1003,44,364.9,514.33,349.20000000000005,162.62,1,1,1.0
1003,43,88.42,318.87,322.99,126.56,1,1,1.0
1003,47,965.98,661.6,312.77,58.07999999999993,1,1,1.0
1003,29,1214.14,395.03,65.78999999999996,63.54000000000002,1,1,1.0
1003,30,733.67,197.5,391.2600000000001,97.60000000000002,1,1,1.0
1003,32,642.06,129.54,345.87,114.44,1,1,1.0
1003,31,1022.86,528.16,257.14,79.69000000000005,1,1,1.0
1003,34,696.62,547.88,401.06000000000006,127.37,1,1,1.0
1003,35,682.22,459.97,414.44000000000005,96.63999999999999,1,1,1.0
1003,38,458.59,326.73,383.08,136.07,1,1,1.0
1003,40,200.19,129.67,353.17,102.85000000000002,1,1,1.0
1003,41,223.0,0.2,253.44,106.11999999999999,1,1,1.0
1003,49,0.68,149.01,268.42,130.85000000000002,1,1,1.0
1003,45,158.6,591.73,238.29,93.56999999999994,1,1,1.0
1003,42,111.39,449.44,471.96000000000004,112.66000000000003,1,1,1.0
1003,46,30.93,417.39,289.76,105.0,1,1,1.0
1003,48,0.35,281.15,217.86,114.35000000000002,1,1,1.0
1003,50,0.0,556.81,134.38,82.99000000000001,1,1,1.0
1003,52,0.0,463.62,68.21,61.5,1,1,1.0
1003,51,431.97,657.91,145.02999999999997,61.92000000000007,1,1,1.0
1004,36,506.14,406.97,220.24,97.25,1,1,1.0
1004,44,376.54,511.51,373.96999999999997,151.59000000000003,1,1,1.0
1004,43,122.34,315.58,312.17999999999995,120.75,1,1,1.0
1004,47,986.12,661.64,292.59000000000003,58.08000000000004,1,1,1.0
1004,29,1235.6,393.6,44.40000000000009,63.539999999999964,1,1,1.0
1004,30,753.19,192.8,400.8699999999999,101.06,1,1,1.0
1004,32,669.45,124.65,342.81999999999994,116.03,1,1,1.0
1004,31,1052.35,519.53,226.4000000000001,82.97000000000003,1,1,1.0
1004,34,728.57,547.45,412.33000000000004,121.71999999999991,1,1,1.0
1004,35,693.78,457.74,433.56999999999994,94.77999999999997,1,1,1.0
1004,38,495.09,324.1,374.28000000000003,125.60999999999996,1,1,1.0
1004,40,216.28,128.8,362.70000000000005,102.66,1,1,1.0
1004,41,249.16,0.24,253.45000000000002,101.15,1,1,1.0
1004,49,0.08,148.93,293.6,130.15999999999997,1,1,1.0
1004,45,163.6,591.64,246.29999999999998,105.36000000000001,1,1,1.0
1004,42,151.01,457.73,432.28999999999996,103.67999999999995,1,1,1.0
1004,46,65.05,415.61,273.71,106.14999999999998,1,1,1.0
1004,48,1.16,279.79,241.97,127.39999999999998,1,1,1.0
1004,50,0.0,552.15,159.54,92.25,1,1,1.0
1004,52,0.0,463.62,83.12,64.27999999999997,1,1,1.0
1004,51,450.69,674.03,132.00000000000006,45.97000000000003,1,1,1.0
1005,36,513.62,406.2,233.42999999999995,92.78000000000003,1,1,1.0
1005,44,416.73,508.88,352.15,132.78999999999996,1,1,1.0
1005,43,153.79,312.81,301.74,112.43,1,1,1.0
1005,47,1000.25,659.47,278.70000000000005,60.139999999999986,1,1,1.0
1005,30,775.48,189.34,408.3399999999999,105.14000000000001,1,1,1.0
1005,32,687.77,118.62,350.9000000000001,115.09,1,1,1.0
1005,31,1084.49,520.4,195.07999999999993,73.89999999999998,1,1,1.0
1005,34,755.67,553.6,408.73000000000013,120.82999999999993,1,1,1.0
1005,35,717.69,454.75,441.53999999999996,98.40999999999997,1,1,1.0
1005,38,517.71,322.16,375.81999999999994,122.88999999999999,1,1,1.0
1005,40,254.11,127.67,351.80999999999995,108.17,1,1,1.0
1005,41,268.58,0.0,260.84999999999997,97.85,1,1,1.0
1005,49,0.44,144.25,332.04,125.05000000000001,1,1,1.0
1005,45,169.7,593.14,267.44,102.06000000000006,1,1,1.0
1005,42,214.07,463.4,385.54,98.32000000000005,1,1,1.0
1005,46,97.46,415.87,253.94,100.84000000000003,1,1,1.0
1005,48,1.18,278.59,261.53,144.21000000000004,1,1,1.0
1005,50,0.0,548.42,177.24,101.48000000000002,1,1,1.0
1005,52,0.0,467.26,96.71,79.93000000000006,1,1,1.0
1005,51,452.01,675.58,147.25,44.41999999999996,1,1,1.0
1006,36,527.44,401.82,241.56999999999994,84.47000000000003,1,1,1.0
1006,44,439.33,505.35,352.64000000000004,141.15999999999997,1,1,1.0
1006,43,182.12,308.07,298.21999999999997,110.53000000000003,1,1,1.0
1006,47,978.39,663.88,300.7600000000001,55.76999999999998,1,1,1.0
1006,30,798.69,186.87,415.24,110.73000000000002,1,1,1.0
1006,32,706.73,116.32,350.8399999999999,119.39000000000001,1,1,1.0
1006,31,1130.42,520.15,149.05999999999995,69.36000000000001,1,1,1.0
1006,34,788.6,552.96,413.44999999999993,118.27999999999997,1,1,1.0
1006,35,743.01,453.32,452.6600000000001,100.38000000000005,1,1,1.0
1006,38,537.93,319.07,378.05000000000007,104.74000000000001,1,1,1.0
1006,40,306.37,122.23,328.88,101.60000000000001,1,1,1.0
1006,41,288.33,0.0,261.46999999999997,90.27,1,1,1.0
1006,49,0.0,140.98,365.17,133.82000000000002,1,1,1.0
1006,45,181.9,593.97,256.30999999999995,100.73000000000002,1,1,1.0
1006,42,234.98,469.0,382.66999999999996,96.64999999999998,1,1,1.0
1006,46,121.68,415.88,240.7,97.15999999999997,1,1,1.0
1006,48,1.14,275.66,284.85,140.40999999999997,1,1,1.0
1006,50,1.18,542.74,191.67,135.03999999999996,1,1,1.0
1006,52,0.0,460.19,115.88,91.34999999999997,1,1,1.0
1006,51,465.9,672.33,146.49,47.66999999999996,1,1,1.0
1007,36,538.8,396.67,249.83000000000004,86.22999999999996,1,1,1.0
1007,44,465.26,506.29,322.09000000000003,131.92000000000002,1,1,1.0
1007,43,196.6,305.86,303.75,109.39999999999998,1,1,1.0
1007,47,996.73,668.2,282.46000000000004,51.39999999999998,1,1,1.0
1007,30,819.02,186.99,418.3299999999999,108.34999999999997,1,1,1.0
1007,32,728.45,113.28,360.05999999999995,116.78,1,1,1.0
1007,31,1140.5,519.11,139.08999999999992,77.15999999999997,1,1,1.0
1007,34,811.9,553.42,419.11,98.08000000000004,1,1,1.0
1007,35,767.63,451.13,459.88,109.45000000000005,1,1,1.0
1007,38,562.98,317.8,381.94999999999993,100.45999999999998,1,1,1.0
1007,40,341.8,119.92,320.68,111.08,1,1,1.0
1007,41,306.45,0.0,266.21,88.79,1,1,1.0
1007,49,3.09,135.68,390.87,159.01999999999998,1,1,1.0
1007,45,188.3,594.03,255.14999999999998,105.57000000000005,1,1,1.0
1007,42,247.33,470.43,394.12,99.41000000000003,1,1,1.0
1007,46,119.95,414.46,256.65000000000003,95.43,1,1,1.0
1007,48,2.3,273.99,302.26,141.42000000000002,1,1,1.0
1007,53,0.0,311.56,70.23,68.13999999999999,1,1,1.0
1007,50,1.65,546.59,197.48,121.18999999999994,1,1,1.0
1007,52,0.0,456.54,127.79,92.88999999999993,1,1,1.0
1007,51,474.1,669.6,148.07999999999993,50.39999999999998,1,1,1.0
1008,36,536.05,396.48,267.5,81.60999999999996,1,1,1.0
1008,44,489.25,496.21,333.23,139.63000000000005,1,1,1.0
1008,43,204.25,303.62,313.45000000000005,119.17000000000002,1,1,1.0
1008,47,1015.24,671.58,264.78999999999996,48.26999999999998,1,1,1.0
1008,30,843.58,189.03,421.81000000000006,100.16999999999999,1,1,1.0
1008,32,751.63,110.42,360.2600000000001,120.7,1,1,1.0
1008,34,830.17,550.36,445.56000000000006,100.72000000000003,1,1,1.0
1008,35,803.17,450.65,462.83000000000004,112.81000000000006,1,1,1.0
1008,38,570.71,318.87,387.65999999999997,100.69,1,1,1.0
1008,40,376.1,117.69,310.7099999999999,111.71000000000001,1,1,1.0
1008,41,319.18,0.0,277.99999999999994,89.06,1,1,1.0
1008,49,2.02,128.43,417.5,170.69,1,1,1.0
1008,45,219.86,593.59,231.89999999999998,94.41999999999996,1,1,1.0
1008,42,285.09,469.53,379.09,102.46000000000004,1,1,1.0
1008,46,127.17,412.03,259.13,96.25,1,1,1.0
1008,48,2.74,272.5,322.18,153.97000000000003,1,1,1.0
1008,53,0.0,313.81,95.69,79.38999999999999,1,1,1.0
1008,50,1.66,545.0,212.85,124.77999999999997,1,1,1.0
1008,52,0.1,455.64,145.02,100.18000000000006,1,1,1.0
1008,51,464.64,670.22,164.86,49.72000000000003,1,1,1.0
1009,36,522.17,394.65,294.49,82.53000000000003,1,1,1.0
1009,44,503.68,502.43,333.67,131.90000000000003,1,1,1.0
1009,43,213.87,302.5,323.9,126.93,1,1,1.0
1009,47,1046.14,680.23,233.76,39.610000000000014,1,1,1.0
1009,30,865.25,190.14,413.3399999999999,98.13,1,1,1.0
1009,32,771.51,110.63,366.80999999999995,118.81,1,1,1.0
1009,34,850.8,558.7,429.20000000000005,93.2299999999999,1,1,1.0
1009,35,829.79,447.72,448.0,124.03999999999996,1,1,1.0
1009,38,601.05,310.9,401.6700000000001,101.38,1,1,1.0
1009,40,396.6,113.74,319.54999999999995,111.96,1,1,1.0
1009,41,339.41,0.0,277.92,87.54,1,1,1.0
1009,49,20.74,122.18,439.17,170.06,1,1,1.0
1009,45,229.58,587.34,231.37999999999997,97.63,1,1,1.0
1009,42,277.87,468.07,431.13,115.28000000000003,1,1,1.0
1009,46,132.19,408.3,264.03000000000003,97.59999999999997,1,1,1.0
1009,48,0.37,268.46,343.93,165.72000000000003,1,1,1.0
1009,53,0.0,309.32,125.64,83.88,1,1,1.0
1009,50,2.33,543.05,217.14,123.0,1,1,1.0
1009,52,0.49,451.22,138.47,108.50999999999999,1,1,1.0
1009,51,478.8,671.66,157.69,48.34000000000003,1,1,1.0
1009,54,0.0,135.24,52.56,63.42999999999998,1,1,1.0
1010,36,531.86,392.94,297.87,83.69,1,1,1.0
1010,44,516.64,502.73,345.56000000000006,138.84000000000003,1,1,1.0
1010,43,230.3,297.39,327.54,129.39,1,1,1.0
1010,47,1063.54,681.39,216.46000000000004,38.610000000000014,1,1,1.0
1010,30,884.17,191.05,394.88,96.37,1,1,1.0
1010,32,794.65,108.38,373.62,124.45000000000002,1,1,1.0
1010,34,884.22,559.6,395.78,94.70999999999992,1,1,1.0
1010,35,855.3,449.42,424.70000000000005,130.70999999999998,1,1,1.0
1010,38,618.08,308.37,408.35,105.94999999999999,1,1,1.0
1010,40,404.8,110.37,338.65000000000003,115.53,1,1,1.0
1010,41,364.44,0.0,284.77000000000004,80.61,1,1,1.0
1010,49,81.88,115.62,405.53000000000003,164.94,1,1,1.0
1010,45,230.36,585.74,236.32,101.38999999999999,1,1,1.0
1010,42,281.9,466.01,449.4,126.18000000000006,1,1,1.0
1010,46,139.57,403.63,265.42,107.43,1,1,1.0
1010,48,0.53,262.95,364.79,179.07,1,1,1.0
1010,53,0.0,301.08,155.59,92.12,1,1,1.0
1010,50,3.81,539.74,223.67,123.67999999999995,1,1,1.0
1010,52,0.57,446.09,144.75,117.30000000000001,1,1,1.0
1010,51,474.97,669.03,174.43999999999994,50.82000000000005,1,1,1.0
1010,54,0.12,133.09,60.24,74.13999999999999,1,1,1.0
1011,36,542.74,388.74,297.70000000000005,86.63,1,1,1.0
1011,44,528.11,501.68,358.25,140.69,1,1,1.0
1011,43,248.22,292.25,330.90999999999997,123.18,1,1,1.0
1011,47,1098.33,697.63,181.67000000000007,22.370000000000005,1,1,1.0
1011,30,907.75,192.52,371.6099999999999,94.91,1,1,1.0
1011,32,816.17,109.7,378.66999999999996,124.7,1,1,1.0
1011,34,901.0,563.1,379.0,92.10000000000002,1,1,1.0
1011,35,879.27,451.12,399.3399999999999,131.67999999999995,1,1,1.0
1011,38,643.56,305.46,432.93000000000006,108.37,1,1,1.0
1011,40,426.41,107.79,342.59,117.99,1,1,1.0
1011,41,386.38,0.0,278.85,78.3,1,1,1.0
1011,49,145.89,106.62,392.28999999999996,154.14999999999998,1,1,1.0
1011,45,232.32,579.42,246.06,102.75999999999999,1,1,1.0
1011,42,305.36,465.2,452.34000000000003,134.72999999999996,1,1,1.0
1011,46,137.46,401.58,279.48,112.75000000000006,1,1,1.0
1011,48,35.2,254.83,348.99,174.83,1,1,1.0
1011,53,0.0,292.84,186.29,89.86000000000001,1,1,1.0
1011,50,3.55,534.89,232.73,122.38999999999999,1,1,1.0
1011,52,1.18,440.51,152.85999999999999,99.73000000000002,1,1,1.0
1011,51,487.1,669.63,162.55999999999995,50.02999999999997,1,1,1.0
1011,54,0.4,128.79,74.03,70.79000000000002,1,1,1.0
1011,55,0.0,200.75,54.64,46.28,1,1,1.0
1011,56,0.0,482.9,54.68,50.25,1,1,1.0
1012,36,557.13,385.86,295.37,86.46999999999997,1,1,1.0
1012,44,546.89,506.72,340.90999999999997,131.17999999999995,1,1,1.0
1012,43,278.55,287.25,321.71,115.97000000000003,1,1,1.0
1012,30,924.46,195.54,355.25,95.66999999999999,1,1,1.0
1012,32,832.7,112.38,380.90999999999985,117.09,1,1,1.0
1012,34,924.4,556.36,355.6,99.74000000000001,1,1,1.0
1012,35,896.46,452.69,382.3299999999999,125.60999999999996,1,1,1.0
1012,38,665.81,303.87,417.77,111.79000000000002,1,1,1.0
1012,40,453.9,105.89,343.4,119.30999999999999,1,1,1.0
1012,41,416.38,0.0,271.9,76.66,1,1,1.0
1012,49,185.05,97.24,387.65000000000003,152.03000000000003,1,1,1.0
1012,45,237.74,577.36,248.77999999999997,100.36000000000001,1,1,1.0
1012,42,325.41,465.42,463.19,130.07999999999998,1,1,1.0
1012,46,133.07,397.67,289.92,117.00999999999993,1,1,1.0
1012,48,63.2,247.49,345.96000000000004,174.01,1,1,1.0
1012,53,0.0,282.36,219.99,115.33999999999997,1,1,1.0
1012,57,0.0,412.73,50.54,39.68000000000001,1,1,1.0
1012,50,3.39,530.9,242.89000000000001,122.18000000000006,1,1,1.0
1012,52,0.79,430.54,156.5,97.01999999999992,1,1,1.0
1012,51,479.5,663.84,176.57000000000005,55.870000000000005,1,1,1.0
1012,54,0.67,121.56,89.86,80.82999999999998,1,1,1.0
1012,55,0.08,189.4,58.53,47.97999999999999,1,1,1.0
1012,56,0.0,477.71,64.21,60.589999999999975,1,1,1.0
1013,36,574.56,383.68,281.5200000000001,90.24000000000001,1,1,1.0
1013,44,565.31,502.62,339.37,131.26,1,1,1.0
1013,43,305.13,281.47,316.49,112.61999999999995,1,1,1.0
1013,30,947.97,195.52,331.68000000000006,97.74999999999997,1,1,1.0
1013,32,861.4,112.06,379.5200000000001,115.99000000000001,1,1,1.0
1013,34,952.2,572.2,327.79999999999995,98.88999999999999,1,1,1.0
1013,35,923.77,458.92,355.29999999999995,117.88999999999993,1,1,1.0
1013,38,681.37,303.62,432.14,111.74000000000001,1,1,1.0
1013,40,487.5,101.68,342.97,113.22,1,1,1.0
1013,41,444.68,0.0,273.71999999999997,71.96,1,1,1.0
1013,49,220.47,89.6,381.23,142.15,1,1,1.0
1013,45,244.81,577.11,251.11,102.0,1,1,1.0
1013,42,362.54,469.11,457.35999999999996,107.96000000000004,1,1,1.0
1013,46,133.81,393.81,303.54,119.72999999999996,1,1,1.0
1013,48,110.9,240.76,318.4,172.24,1,1,1.0
1013,53,0.0,271.88,241.7,122.12,1,1,1.0
1013,57,0.0,403.68,69.33,48.01999999999998,1,1,1.0
1013,50,5.8,526.56,253.38,116.30000000000007,1,1,1.0
1013,52,1.83,423.34,162.63,99.54000000000002,1,1,1.0
1013,51,503.5,656.75,159.49,62.75,1,1,1.0
1013,54,0.0,115.9,96.18,70.9,1,1,1.0
1013,55,0.0,184.72,75.25,53.68000000000001,1,1,1.0
1013,58,49.44,683.13,103.17000000000002,36.870000000000005,1,1,1.0
1013,56,0.0,464.76,75.85,67.74000000000001,1,1,1.0
1014,36,602.7,384.83,278.4599999999999,90.96000000000004,1,1,1.0
1014,44,602.4,508.67,363.57000000000005,94.93,1,1,1.0
1014,43,345.44,278.38,309.31,103.22000000000003,1,1,1.0
1014,30,969.4,197.19,310.23000000000013,100.85000000000002,1,1,1.0
1014,32,887.6,113.19,386.68999999999994,98.50999999999999,1,1,1.0
1014,34,999.17,584.67,280.83000000000004,84.03000000000009,1,1,1.0
1014,35,955.49,469.96,323.72,123.18,1,1,1.0
1014,38,719.29,305.42,445.51,105.01999999999998,1,1,1.0
1014,40,514.89,102.07,344.69000000000005,99.29000000000002,1,1,1.0
1014,41,471.33,0.03,274.34,64.89,1,1,1.0
1014,49,261.2,81.08,376.89000000000004,134.08999999999997,1,1,1.0
1014,45,269.52,576.07,261.09000000000003,84.90999999999997,1,1,1.0
1014,42,409.48,468.82,459.91999999999996,108.57999999999998,1,1,1.0
1014,46,152.34,391.14,308.18999999999994,116.55000000000001,1,1,1.0
1014,48,150.6,233.72,299.6,156.08,1,1,1.0
1014,53,0.0,259.15,294.12,140.05,1,1,1.0
1014,57,0.0,400.89,108.32,56.410000000000025,1,1,1.0
1014,50,3.0,518.39,280.39,120.90999999999997,1,1,1.0
1014,52,5.35,412.92,179.39000000000001,96.27999999999997,1,1,1.0
1014,51,510.3,656.17,170.64000000000004,63.200000000000045,1,1,1.0
1014,54,0.47,109.64,105.01,75.74,1,1,1.0
1014,55,0.0,175.05,100.76,64.04999999999998,1,1,1.0
1014,59,0.0,531.72,76.1,64.42999999999995,1,1,1.0
1014,58,82.6,662.88,125.84,57.120000000000005,1,1,1.0
1014,56,0.0,456.35,104.97,54.75,1,1,1.0
1015,36,672.37,382.79,273.15999999999997,94.73999999999995,1,1,1.0
1015,44,640.24,510.19,363.56999999999994,94.92000000000002,1,1,1.0
1015,43,408.87,276.34,304.03999999999996,93.33000000000004,1,1,1.0
1015,30,1034.36,201.65,244.8900000000001,104.47999999999999,1,1,1.0
1015,32,946.78,109.4,332.1400000000001,99.48999999999998,1,1,1.0
1015,34,1073.33,607.37,206.67000000000007,79.33000000000004,1,1,1.0
1015,35,1023.47,498.81,255.70000000000005,121.65000000000003,1,1,1.0
1015,38,780.82,311.27,475.66999999999996,111.43,1,1,1.0
1015,40,596.7,102.75,331.91999999999996,84.85,1,1,1.0
1015,41,514.33,0.0,304.89,68.94,1,1,1.0
1015,49,311.3,83.26,428.12999999999994,131.94,1,1,1.0
1015,45,297.72,573.2,265.81999999999994,87.59999999999991,1,1,1.0
1015,42,467.39,472.88,468.31000000000006,110.03999999999996,1,1,1.0
1015,46,218.41,388.5,292.77,105.69,1,1,1.0
1015,48,217.3,229.67,292.46,148.63000000000002,1,1,1.0
1015,53,0.0,260.65,363.75,140.05,1,1,1.0
1015,57,0.0,382.1,179.32,71.0,1,1,1.0
1015,50,66.6,509.67,259.87,102.12999999999994,1,1,1.0
1015,52,6.32,411.18,233.58,94.02999999999997,1,1,1.0
1015,51,563.5,655.05,156.59000000000003,63.200000000000045,1,1,1.0
1015,54,0.78,109.38,150.58,62.72,1,1,1.0
1015,55,0.0,174.53,163.68,70.77000000000001,1,1,1.0
1015,60,0.0,0.0,101.28,95.39,1,1,1.0
1015,59,0.0,512.39,132.48,85.40999999999997,1,1,1.0
1015,58,57.6,654.02,188.69,65.98000000000002,1,1,1.0
1015,56,0.0,440.82,168.39,57.379999999999995,1,1,1.0
1016,36,693.06,380.7,314.24,109.27000000000004,1,1,1.0
1016,44,686.4,523.81,342.38,94.8900000000001,1,1,1.0
1016,43,436.79,273.19,328.00999999999993,107.75999999999999,1,1,1.0
1016,30,1109.89,237.78,169.44999999999982,88.38000000000002,1,1,1.0
1016,32,998.0,109.25,282.0,105.85,1,1,1.0
1016,34,1123.17,613.44,156.82999999999993,81.75999999999999,1,1,1.0
1016,35,1060.2,504.27,219.27999999999997,101.73000000000002,1,1,1.0
1016,38,824.78,319.25,451.5799999999999,123.10000000000002,1,1,1.0
1016,40,633.7,99.1,362.6099999999999,93.5,1,1,1.0
1016,41,579.4,0.18,299.15999999999997,52.410000000000004,1,1,1.0
1016,49,365.8,74.54,447.72999999999996,139.56,1,1,1.0
1016,45,319.47,573.28,259.98,66.60000000000002,1,1,1.0
1016,42,518.03,478.1,446.57000000000005,123.15999999999997,1,1,1.0
1016,46,253.14,387.65,283.23,102.14000000000004,1,1,1.0
1016,48,261.3,227.49,290.37999999999994,142.70999999999998,1,1,1.0
1016,53,0.0,252.41,413.92,121.28999999999999,1,1,1.0
1016,57,0.0,376.53,209.95,71.67000000000002,1,1,1.0
1016,50,69.2,499.13,282.58,125.47000000000003,1,1,1.0
1016,52,123.86,403.6,144.02999999999997,71.20999999999998,1,1,1.0
1016,51,580.3,659.5,153.23000000000002,60.00999999999999,1,1,1.0
1016,54,1.19,108.1,203.68,69.1,1,1,1.0
1016,55,0.0,174.01,207.36,70.79000000000002,1,1,1.0
1016,60,0.0,0.0,158.23,118.0,1,1,1.0
1016,59,0.0,510.78,154.22,124.01999999999998,1,1,1.0
1016,58,29.91,656.48,234.02,63.07999999999993,1,1,1.0
1016,56,0.0,429.17,194.28,56.02999999999997,1,1,1.0
1017,36,712.52,386.3,313.48,111.92000000000002,1,1,1.0
1017,43,443.71,271.05,337.92,111.99000000000001,1,1,1.0
1017,30,1143.92,244.06,135.96000000000004,79.16000000000003,1,1,1.0
1017,32,1004.74,116.46,276.1299999999999,116.65000000000002,1,1,1.0
1017,34,1150.56,613.34,128.97000000000003,81.51999999999998,1,1,1.0
1017,35,1089.6,511.44,190.4000000000001,98.76000000000005,1,1,1.0
1017,38,847.93,326.72,432.07000000000005,124.88999999999999,1,1,1.0
1017,40,645.3,100.58,393.10000000000014,101.42,1,1,1.0
1017,41,592.45,0.0,301.67999999999995,60.84,1,1,1.0
1017,49,396.35,67.28,436.23,147.57,1,1,1.0
1017,45,325.3,575.39,256.84999999999997,69.49000000000001,1,1,1.0
1017,42,544.88,480.65,454.62,109.64999999999998,1,1,1.0
1017,46,257.24,386.66,283.42999999999995,99.63999999999999,1,1,1.0
1017,48,268.3,221.49,303.10999999999996,139.61,1,1,1.0
1017,53,0.0,243.42,429.65,125.08000000000001,1,1,1.0
1017,57,0.97,362.41,216.1,65.56,1,1,1.0
1017,50,85.2,500.73,266.64,111.76999999999998,1,1,1.0
1017,52,111.2,401.09,156.72000000000003,93.46000000000004,1,1,1.0
1017,51,598.7,657.64,149.94999999999993,62.360000000000014,1,1,1.0
1017,54,1.09,99.25,201.7,83.15,1,1,1.0
1017,55,0.0,166.21,205.79,66.59,1,1,1.0
1017,60,0.07,0.24,173.61,110.16000000000001,1,1,1.0
1017,59,0.0,511.58,154.22,124.03000000000003,1,1,1.0
1017,58,44.66,659.86,220.64000000000001,59.43999999999994,1,1,1.0
1017,56,0.0,429.17,194.28,82.02999999999997,1,1,1.0
1018,36,718.07,385.76,309.92999999999995,110.63999999999999,1,1,1.0
1018,43,449.42,270.38,343.08,112.61000000000001,1,1,1.0
1018,30,1155.45,241.12,124.12999999999988,91.62,1,1,1.0
1018,32,1012.46,113.61,268.0799999999999,119.33,1,1,1.0
1018,34,1162.67,620.15,117.32999999999993,83.95000000000005,1,1,1.0
1018,35,1099.4,517.11,180.56999999999994,97.38999999999999,1,1,1.0
1018,38,849.54,326.02,429.49,122.78000000000003,1,1,1.0
1018,40,653.6,93.17,408.92999999999995,101.02999999999999,1,1,1.0
1018,41,599.86,0.0,316.01,61.87,1,1,1.0
1018,49,421.56,59.25,453.53000000000003,152.99,1,1,1.0
1018,45,309.87,577.88,271.15999999999997,70.37,1,1,1.0
1018,42,550.81,487.94,466.99,116.71999999999997,1,1,1.0
1018,46,247.69,389.38,288.69,96.88999999999999,1,1,1.0
1018,48,237.4,217.25,350.03,158.14999999999998,1,1,1.0
1018,53,2.26,235.22,418.94,136.42999999999998,1,1,1.0
1018,57,0.66,361.02,208.41,69.64000000000004,1,1,1.0
1018,50,64.22,502.98,278.36,116.64999999999998,1,1,1.0
1018,52,90.27,405.79,167.04000000000002,100.10999999999996,1,1,1.0
1018,51,589.9,665.42,159.69000000000005,54.58000000000004,1,1,1.0
1018,54,1.56,94.73,189.27,82.79,1,1,1.0
1018,55,0.0,164.65,197.48,66.59,1,1,1.0
1018,60,0.39,0.33,173.51000000000002,95.97,1,1,1.0
1018,59,0.0,520.44,134.09,116.75999999999999,1,1,1.0
1018,58,55.9,672.95,200.55999999999997,47.049999999999955,1,1,1.0
1018,56,0.0,428.52,178.1,82.03000000000003,1,1,1.0
