16,1,2.35,0.07,133.64000000000001,37.13,1,1,1.0
17,1,0.06,0.32,169.13,42.68,1,1,1.0
17,2,0.48,72.27,82.52,84.23,1,1,1.0
18,1,0.0,0.0,236.72,44.25,1,1,1.0
18,2,0.5,71.31,118.92,99.30000000000001,1,1,1.0
19,1,0.48,0.0,271.52,42.17,1,1,1.0
19,2,0.31,68.74,151.07999999999998,118.39999999999999,1,1,1.0
20,1,1.11,0.0,325.71999999999997,38.58,1,1,1.0
20,2,0.49,67.8,186.19,130.26,1,1,1.0
21,1,3.58,0.01,369.85,56.29,1,1,1.0
21,2,0.0,67.94,208.36,149.15,1,1,1.0
22,1,15.82,0.54,391.61,56.89,1,1,1.0
22,2,0.0,70.27,244.08,149.88,1,1,1.0
23,1,78.63,0.3,366.23,47.24,1,1,1.0
23,2,0.0,69.6,265.74,150.3,1,1,1.0
24,1,102.18,0.64,367.21999999999997,42.87,1,1,1.0
24,2,0.0,67.27,284.01,165.37,1,1,1.0
25,1,122.9,0.64,367.22,42.87,1,1,1.0
25,2,0.0,65.9,305.05,156.31,1,1,1.0
26,1,160.88,0.0,342.22,39.19,1,1,1.0
26,2,0.0,62.37,323.56,153.74,1,1,1.0
27,2,0.0,60.47,353.91,151.88,1,1,1.0
28,2,0.0,56.82,378.03,153.9,1,1,1.0
29,2,0.0,52.06,403.7,154.21,1,1,1.0
30,2,0.0,47.06,427.23,148.94,1,1,1.0
31,2,0.47,44.28,458.47999999999996,143.29,1,1,1.0
32,2,0.63,38.96,492.37,167.94,1,1,1.0
33,2,5.31,33.1,506.08,166.11,1,1,1.0
33,3,1.18,21.55,126.91999999999999,100.15,1,1,1.0
34,2,14.44,26.8,519.5,171.7,1,1,1.0
34,3,0.75,10.09,184.95,128.21,1,1,1.0
35,2,27.9,19.33,542.84,171.98000000000002,1,1,1.0
35,3,1.19,0.77,248.07,124.88000000000001,1,1,1.0
36,2,50.3,3.19,540.6600000000001,178.79,1,1,1.0
36,3,1.39,1.24,307.99,131.66,1,1,1.0
37,2,100.3,0.43,531.32,181.57,1,1,1.0
37,3,0.0,0.0,373.0,135.4,1,1,1.0
38,2,164.9,0.05,503.49,165.95,1,1,1.0
38,3,0.0,0.0,434.3,124.2,1,1,1.0
39,2,215.8,0.05,507.43,148.45,1,1,1.0
39,3,0.0,0.0,500.8,116.4,1,1,1.0
40,2,479.2,0.0,285.89000000000004,104.77,1,1,1.0
40,3,0.0,0.0,566.4,111.2,1,1,1.0
40,4,0.0,366.88,134.13,82.88,1,1,1.0
41,2,551.95,0.0,244.0999999999999,91.04,1,1,1.0
41,3,0.0,0.0,632.9,99.1,1,1,1.0
41,4,0.0,353.4,194.4,103.20000000000005,1,1,1.0
42,2,624.7,0.0,202.30999999999995,77.3,1,1,1.0
42,3,35.4,0.0,668.3000000000001,93.9,1,1,1.0
42,4,0.0,312.8,262.34,142.7,1,1,1.0
43,2,714.8,0.03,162.0,47.67,1,1,1.0
43,3,125.18,0.0,623.4200000000001,92.2,1,1,1.0
43,4,0.0,300.81,330.57,154.0,1,1,1.0
44,2,785.3,0.02,103.10000000000002,37.08,1,1,1.0
44,3,209.78,0.0,623.4200000000001,91.34,1,1,1.0
44,4,0.52,304.62,379.5,143.68,1,1,1.0
44,5,0.0,220.12,135.0,101.0,1,1,1.0
44,6,0.0,44.43,60.38,69.46000000000001,1,1,1.0
45,3,288.3,0.0,610.52,87.0,1,1,1.0
45,4,0.0,308.8,448.3,131.27999999999997,1,1,1.0
45,5,0.0,196.08,203.3,127.29999999999998,1,1,1.0
45,6,0.0,22.47,127.4,100.63,1,1,1.0
46,3,368.08,0.0,645.9000000000001,84.19,1,1,1.0
46,4,9.01,300.21,505.78,134.62,1,1,1.0
46,5,0.0,189.47,272.01,119.47,1,1,1.0
46,6,0.66,7.38,198.74,121.85,1,1,1.0
47,3,417.3,0.03,661.6000000000001,80.84,1,1,1.0
47,4,74.85,303.53,506.8299999999999,128.89000000000004,1,1,1.0
47,5,0.01,171.0,328.25,152.29000000000002,1,1,1.0
47,6,0.2,1.95,237.46,125.75999999999999,1,1,1.0
48,3,479.9,0.03,696.4900000000001,78.16,1,1,1.0
48,4,169.09,308.2,476.2099999999999,119.41000000000003,1,1,1.0
48,5,0.03,169.13,408.33000000000004,140.82,1,1,1.0
48,6,0.0,0.58,301.85,125.8,1,1,1.0
49,3,595.28,0.0,679.3,81.76,1,1,1.0
49,4,227.9,310.06,478.32000000000005,120.86000000000001,1,1,1.0
49,5,0.0,169.7,487.37,135.86,1,1,1.0
49,6,0.0,0.71,381.2,125.27000000000001,1,1,1.0
50,3,638.0,0.0,639.98,84.44,1,1,1.0
50,4,255.7,303.43,507.91,145.55,1,1,1.0
50,5,1.07,164.32,524.13,141.62,1,1,1.0
50,6,0.0,0.52,434.2,124.58,1,1,1.0
51,3,708.1,0.0,571.9,90.4,1,1,1.0
51,4,287.7,309.2,521.3299999999999,139.60000000000002,1,1,1.0
51,5,1.46,168.15,573.98,134.85,1,1,1.0
51,6,0.89,0.33,482.11,124.22,1,1,1.0
51,7,0.0,378.44,97.65,120.95999999999998,1,1,1.0
52,3,777.3,0.13,501.4000000000001,100.93,1,1,1.0
52,4,320.47,304.98,542.8299999999999,167.72999999999996,1,1,1.0
52,5,0.0,165.27,631.84,141.22,1,1,1.0
52,6,1.47,0.23,513.91,129.32000000000002,1,1,1.0
52,7,0.0,377.84,109.51,136.92000000000002,1,1,1.0
53,3,820.2,0.01,457.14999999999986,111.94,1,1,1.0
53,4,368.47,308.43,535.48,155.95999999999998,1,1,1.0
53,5,70.01,172.76,606.7,139.01999999999998,1,1,1.0
53,6,1.14,0.06,540.4300000000001,136.39,1,1,1.0
53,7,0.16,385.09,138.39000000000001,155.32,1,1,1.0
54,3,868.52,0.0,410.6700000000001,120.99,1,1,1.0
54,4,428.94,321.9,503.18,142.57000000000005,1,1,1.0
54,5,116.26,177.46,580.3100000000001,142.67999999999998,1,1,1.0
54,8,0.0,90.62,47.8,46.620000000000005,1,1,1.0
54,6,1.11,0.22,584.1899999999999,143.11,1,1,1.0
54,7,0.0,395.62,174.51,155.96000000000004,1,1,1.0
55,3,901.0,0.72,379.0,138.47,1,1,1.0
55,4,470.73,324.49,494.37,141.31,1,1,1.0
55,5,178.9,188.15,570.74,139.09,1,1,1.0
55,8,0.0,90.62,62.5,50.97999999999999,1,1,1.0
55,6,0.86,0.0,607.9399999999999,160.0,1,1,1.0
55,7,0.24,412.3,208.22,149.7,1,1,1.0
56,3,949.7,0.13,330.29999999999995,143.49,1,1,1.0
56,4,510.8,330.0,501.09999999999997,149.82999999999998,1,1,1.0
56,5,228.72,185.02,541.0899999999999,147.67,1,1,1.0
56,8,0.13,90.02,77.05000000000001,60.36,1,1,1.0
56,6,2.93,0.4,636.0100000000001,166.5,1,1,1.0
56,7,0.09,429.74,238.51,155.96000000000004,1,1,1.0
57,3,1022.81,0.48,256.3700000000001,146.06,1,1,1.0
57,4,538.0,336.43,519.6099999999999,154.32,1,1,1.0
57,5,268.0,190.0,539.66,145.35000000000002,1,1,1.0
57,8,0.09,78.63,95.89999999999999,73.16,1,1,1.0
57,6,39.18,0.55,633.46,177.23999999999998,1,1,1.0
57,7,0.0,428.68,265.28,157.18,1,1,1.0
58,3,1062.9,1.55,217.0999999999999,151.17999999999998,1,1,1.0
58,4,551.7,337.0,551.3999999999999,161.88,1,1,1.0
58,5,286.6,197.05,563.11,146.06,1,1,1.0
58,8,0.59,58.0,126.14999999999999,101.19999999999999,1,1,1.0
58,6,61.99,0.0,645.29,189.04,1,1,1.0
58,7,0.0,437.94,294.08,162.02000000000004,1,1,1.0
59,3,1110.55,6.15,169.46000000000004,139.85999999999999,1,1,1.0
59,4,581.1,357.54,581.7099999999999,150.95,1,1,1.0
59,5,309.97,200.71,599.49,161.11999999999998,1,1,1.0
59,8,0.41,47.28,163.62,113.55000000000001,1,1,1.0
59,6,140.6,5.34,607.75,189.24,1,1,1.0
59,7,0.7,441.97,330.38,173.79999999999995,1,1,1.0
60,3,1153.67,11.68,126.46000000000004,136.89,1,1,1.0
60,4,613.74,368.09,602.23,145.79000000000002,1,1,1.0
60,5,381.82,205.15,576.98,158.98999999999998,1,1,1.0
60,8,0.0,24.44,205.81,139.2,1,1,1.0
60,6,192.52,0.24,590.6800000000001,206.01,1,1,1.0
60,7,0.86,450.85,364.56,182.77999999999997,1,1,1.0
61,9,295.54,682.83,282.25999999999993,36.379999999999995,1,1,1.0
61,3,1188.2,23.8,91.79999999999995,131.67,1,1,1.0
61,4,680.98,366.53,565.9300000000001,149.85000000000002,1,1,1.0
61,5,451.58,209.64,543.0,157.85000000000002,1,1,1.0
61,8,0.0,23.01,247.08,144.89000000000001,1,1,1.0
61,6,243.8,12.78,576.95,194.71,1,1,1.0
61,7,1.56,452.66,409.42,186.38999999999993,1,1,1.0
62,9,308.12,681.44,313.55999999999995,37.45999999999992,1,1,1.0
62,4,720.2,361.12,558.3299999999999,152.40999999999997,1,1,1.0
62,5,483.6,213.32,572.4599999999999,157.70999999999998,1,1,1.0
62,8,0.0,14.59,286.3,157.78,1,1,1.0
62,6,286.05,0.61,577.3,213.1,1,1,1.0
62,7,0.0,448.29,460.85,193.68,1,1,1.0
63,9,329.36,675.23,315.13,44.129999999999995,1,1,1.0
63,4,761.2,351.9,517.77,163.87,1,1,1.0
63,5,544.9,211.83,549.9499999999999,161.24999999999997,1,1,1.0
63,8,0.0,3.92,318.15,174.57000000000002,1,1,1.0
63,6,319.9,1.72,585.44,211.98,1,1,1.0
63,7,0.0,406.77,509.63,242.61,1,1,1.0
64,9,349.27,671.85,327.4,47.67999999999995,1,1,1.0
64,4,815.94,359.11,463.0899999999999,153.78999999999996,1,1,1.0
64,5,584.75,205.7,576.1400000000001,171.37,1,1,1.0
64,8,0.0,12.87,353.13,173.07999999999998,1,1,1.0
64,6,355.49,14.93,590.39,200.29999999999998,1,1,1.0
64,7,70.85,426.1,486.34000000000003,232.41999999999996,1,1,1.0
65,9,379.74,667.38,331.11,52.32000000000005,1,1,1.0
65,4,873.49,368.93,405.3599999999999,137.44,1,1,1.0
65,5,628.21,206.37,599.52,176.11,1,1,1.0
65,8,0.36,26.22,383.52,169.7,1,1,1.0
65,6,420.71,39.99,562.4200000000001,170.70999999999998,1,1,1.0
65,7,108.67,468.92,495.40000000000003,204.04000000000002,1,1,1.0
66,9,405.0,670.26,350.09000000000003,49.110000000000014,1,1,1.0
66,4,908.89,371.98,370.7099999999999,124.78999999999996,1,1,1.0
66,5,674.01,203.06,603.25,183.89,1,1,1.0
66,8,0.12,42.43,411.78,164.18,1,1,1.0
66,6,448.22,40.1,570.25,166.5,1,1,1.0
66,7,126.55,512.8,525.6600000000001,166.95000000000005,1,1,1.0
67,9,381.82,669.9,411.23999999999995,49.110000000000014,1,1,1.0
67,4,949.22,375.99,330.93000000000006,98.73000000000002,1,1,1.0
67,5,699.25,210.08,579.95,168.25999999999996,1,1,1.0
67,8,0.09,55.54,437.20000000000005,161.78,1,1,1.0
67,6,494.36,38.2,543.4,161.95999999999998,1,1,1.0
67,7,160.34,532.01,546.78,153.63,1,1,1.0
68,9,402.08,672.33,447.64000000000004,46.64999999999998,1,1,1.0
68,4,1020.9,367.35,258.40999999999997,112.06,1,1,1.0
68,5,739.25,212.87,538.4100000000001,159.75,1,1,1.0
68,8,0.0,67.74,464.38,158.43,1,1,1.0
68,6,539.57,40.37,524.7899999999998,153.23,1,1,1.0
68,7,243.15,534.78,520.1,150.18000000000006,1,1,1.0
69,9,423.74,662.23,485.63,57.66999999999996,1,1,1.0
69,4,1073.89,356.16,206.9699999999998,88.34999999999997,1,1,1.0
69,5,784.55,203.27,495.80999999999995,162.81999999999996,1,1,1.0
69,8,0.0,80.14,500.06,154.27999999999997,1,1,1.0
69,6,581.86,37.85,513.4999999999999,148.28,1,1,1.0
69,7,303.1,522.53,508.78,157.69000000000005,1,1,1.0
70,9,452.3,640.2,483.47999999999996,78.82999999999993,1,1,1.0
70,4,1088.86,341.11,191.97000000000003,98.03999999999996,1,1,1.0
70,5,830.94,197.79,446.99,172.94000000000003,1,1,1.0
70,8,0.0,85.1,524.13,155.0,1,1,1.0
70,6,612.99,34.56,534.05,148.82999999999998,1,1,1.0
70,7,353.4,511.36,526.72,165.21000000000004,1,1,1.0
71,9,499.9,644.9,489.1,74.83000000000004,1,1,1.0
71,4,1137.88,331.84,142.64999999999986,70.24000000000001,1,1,1.0
71,5,869.9,181.65,409.0300000000001,160.58,1,1,1.0
71,8,8.0,76.2,553.14,165.17000000000002,1,1,1.0
71,6,639.87,27.55,553.4499999999999,149.79999999999998,1,1,1.0
71,7,407.38,517.03,516.79,156.08000000000004,1,1,1.0
72,9,556.6,651.28,477.65,68.16000000000008,1,1,1.0
72,4,1207.81,306.8,72.19000000000005,70.24000000000001,1,1,1.0
72,5,966.27,175.2,313.93000000000006,155.56,1,1,1.0
72,8,114.71,88.09,501.13000000000005,152.62,1,1,1.0
72,6,721.34,9.06,555.6999999999999,156.7,1,1,1.0
72,7,454.46,553.22,573.3899999999999,105.77999999999997,1,1,1.0
72,10,1080.52,684.28,199.48000000000002,34.360000000000014,1,1,1.0
73,9,603.71,647.88,452.5799999999999,71.70000000000005,1,1,1.0
73,5,999.5,166.21,280.53999999999996,137.49999999999997,1,1,1.0
73,8,123.35,92.81,516.97,146.75,1,1,1.0
73,6,763.6,1.37,513.9599999999999,162.23,1,1,1.0
73,7,500.35,551.1,571.12,104.67999999999995,1,1,1.0
73,10,1080.52,676.84,199.48000000000002,41.799999999999955,1,1,1.0
74,9,629.45,645.93,443.25,72.93000000000006,1,1,1.0
74,5,1050.38,174.25,229.6099999999999,128.64,1,1,1.0
74,8,117.87,98.9,548.93,142.76999999999998,1,1,1.0
74,6,807.31,0.78,470.77,154.73,1,1,1.0
74,7,546.63,539.9,569.0500000000001,115.71000000000004,1,1,1.0
74,10,1080.52,669.4,199.48000000000002,49.24000000000001,1,1,1.0
75,9,655.99,644.95,440.6099999999999,74.63999999999999,1,1,1.0
75,5,1112.11,181.76,166.70000000000005,128.32999999999998,1,1,1.0
75,8,136.01,104.58,566.92,138.66000000000003,1,1,1.0
75,6,818.36,0.92,459.4999999999999,146.57000000000002,1,1,1.0
75,7,592.0,537.0,562.5,118.89999999999998,1,1,1.0
75,10,1087.95,663.83,192.04999999999995,56.16999999999996,1,1,1.0
76,9,692.95,635.9,458.8499999999999,83.90999999999997,1,1,1.0
76,5,1160.89,183.04,118.38999999999987,115.41,1,1,1.0
76,8,169.92,104.97,564.1600000000001,138.97,1,1,1.0
76,6,844.47,0.53,433.97,131.81,1,1,1.0
76,7,613.25,529.36,590.5699999999999,127.34000000000003,1,1,1.0
76,10,1099.09,652.69,180.91000000000008,67.30999999999995,1,1,1.0
77,9,712.3,619.3,482.29999999999995,99.79000000000008,1,1,1.0
77,5,1203.82,153.67,75.71000000000004,129.02,1,1,1.0
77,8,213.0,107.33,551.9,137.18,1,1,1.0
77,6,881.06,0.55,397.01,119.18,1,1,1.0
77,7,670.97,517.34,556.69,130.56999999999994,1,1,1.0
77,10,1093.5,639.7,186.5,76.5,1,1,1.0
77,11,0.0,393.16,72.44,67.33999999999997,1,1,1.0
78,9,734.6,598.2,545.4,119.83999999999992,1,1,1.0
78,5,1202.96,140.7,77.03999999999996,123.0,1,1,1.0
78,8,243.71,107.62,546.3499999999999,137.17,1,1,1.0
78,6,893.37,0.0,385.44999999999993,111.25,1,1,1.0
78,7,715.95,507.2,553.9300000000001,137.32999999999998,1,1,1.0
78,10,1135.31,638.75,144.69000000000005,71.95000000000005,1,1,1.0
78,11,0.0,390.85,93.24,71.95999999999998,1,1,1.0
79,9,772.5,623.82,507.5,96.17999999999995,1,1,1.0
79,5,1233.17,149.3,46.82999999999993,103.16999999999999,1,1,1.0
79,8,292.48,108.07,513.86,137.59,1,1,1.0
79,6,940.65,0.46,337.62,102.51,1,1,1.0
79,7,755.11,490.54,522.68,166.42000000000002,1,1,1.0
79,10,1152.0,631.3,128.0,52.5,1,1,1.0
79,11,0.0,382.12,107.52,84.51999999999998,1,1,1.0
80,9,780.86,605.25,499.14,114.75,1,1,1.0
80,12,428.22,681.32,270.15999999999997,38.15999999999997,1,1,1.0
80,8,328.91,107.18,502.42,138.34,1,1,1.0
80,6,971.94,0.0,307.28999999999996,92.78,1,1,1.0
80,7,791.94,481.85,487.80999999999995,176.54999999999995,1,1,1.0
80,10,1182.67,637.83,97.32999999999993,41.370000000000005,1,1,1.0
80,11,0.65,373.07,129.07,97.19,1,1,1.0
81,9,821.72,613.61,458.28,106.38999999999999,1,1,1.0
81,12,458.63,680.44,253.32000000000005,39.20999999999992,1,1,1.0
81,8,354.8,107.6,508.94,134.18,1,1,1.0
81,6,1017.21,0.0,262.49,84.73,1,1,1.0
81,7,835.36,467.9,444.5400000000001,176.70000000000005,1,1,1.0
81,10,1216.1,625.76,63.90000000000009,46.84000000000003,1,1,1.0
81,11,0.0,367.91,155.76,110.46999999999997,1,1,1.0
82,9,844.01,642.4,435.99,77.60000000000002,1,1,1.0
82,12,475.47,681.18,264.53,38.23000000000002,1,1,1.0
82,8,379.7,106.42,512.9300000000001,136.16000000000003,1,1,1.0
82,6,1036.9,0.0,243.5999999999999,84.7,1,1,1.0
82,7,882.58,467.85,396.34000000000003,163.76999999999998,1,1,1.0
82,10,1240.24,609.97,39.75999999999999,71.02999999999997,1,1,1.0
82,11,0.0,359.71,172.82,118.31,1,1,1.0
83,9,970.3,649.83,309.70000000000005,70.16999999999996,1,1,1.0
83,12,475.36,681.86,286.65999999999997,37.85000000000002,1,1,1.0
83,8,392.52,106.78,530.13,134.77,1,1,1.0
83,6,1042.96,0.0,237.27999999999997,81.48,1,1,1.0
83,7,920.45,465.16,359.3299999999999,147.19,1,1,1.0
83,10,1237.45,594.18,42.549999999999955,81.72000000000003,1,1,1.0
83,11,0.0,357.17,190.72,119.75999999999999,1,1,1.0
84,9,1018.59,652.61,261.40999999999997,67.38999999999999,1,1,1.0
84,12,476.93,682.63,336.08,37.049999999999955,1,1,1.0
84,8,418.76,110.13,546.3,137.83,1,1,1.0
84,6,1065.2,0.0,214.75,76.17,1,1,1.0
84,7,942.06,463.2,338.6200000000001,133.90000000000003,1,1,1.0
84,10,1240.7,600.21,39.299999999999955,76.59999999999991,1,1,1.0
84,11,0.19,351.58,214.25,123.75999999999999,1,1,1.0
85,9,1025.4,655.71,249.5999999999999,64.28999999999996,1,1,1.0
85,12,521.23,671.69,319.26,48.27999999999997,1,1,1.0
85,8,450.21,112.27,557.6400000000001,136.89,1,1,1.0
85,6,1094.25,0.0,186.1199999999999,69.11,1,1,1.0
85,7,982.66,477.86,297.36,112.67999999999995,1,1,1.0
85,11,0.0,345.92,240.34,126.09999999999997,1,1,1.0
86,9,1039.02,661.9,211.46000000000004,58.10000000000002,1,1,1.0
86,12,565.45,668.79,306.1099999999999,51.389999999999986,1,1,1.0
86,8,502.27,113.86,543.8199999999999,136.69,1,1,1.0
86,6,1131.1,0.34,148.8900000000001,63.66,1,1,1.0
86,7,1005.83,482.51,275.6,99.44000000000005,1,1,1.0
86,11,0.11,338.33,272.4,139.16000000000003,1,1,1.0
87,9,1045.83,664.99,176.72000000000003,55.00999999999999,1,1,1.0
87,12,619.61,662.27,288.18999999999994,57.73000000000002,1,1,1.0
87,8,552.75,116.92,533.1300000000001,133.51999999999998,1,1,1.0
87,6,1180.88,1.16,99.11999999999989,73.54,1,1,1.0
87,7,1053.54,480.49,226.82999999999993,103.09000000000003,1,1,1.0
87,11,0.31,329.8,308.74,144.97999999999996,1,1,1.0
87,13,0.0,661.82,120.83,58.17999999999995,1,1,1.0
88,9,1059.45,671.18,107.25,48.82000000000005,1,1,1.0
88,12,630.45,660.65,302.64,59.110000000000014,1,1,1.0
88,8,582.61,117.03,541.84,135.79,1,1,1.0
88,7,1106.49,483.89,173.83999999999992,97.73000000000002,1,1,1.0
88,11,0.24,317.09,341.65,140.14000000000004,1,1,1.0
88,13,0.0,644.5,148.6,75.5,1,1,1.0
89,9,1086.38,671.18,107.25,48.82000000000005,1,1,1.0
89,12,650.58,660.25,317.8499999999999,59.75999999999999,1,1,1.0
89,8,614.54,118.23,540.72,140.52999999999997,1,1,1.0
89,7,1176.2,494.88,103.69000000000005,97.46000000000004,1,1,1.0
89,11,0.43,304.89,372.29,153.36,1,1,1.0
89,13,0.0,629.01,184.33,90.88,1,1,1.0
90,12,655.12,659.08,342.02,60.610000000000014,1,1,1.0
90,8,648.37,121.6,550.7800000000001,139.72,1,1,1.0
90,11,0.57,291.48,397.58,154.34999999999997,1,1,1.0
90,13,0.16,613.79,216.45000000000002,106.09000000000003,1,1,1.0
91,12,651.45,658.26,367.43999999999994,61.40999999999997,1,1,1.0
91,8,684.6,123.87,565.61,141.23000000000002,1,1,1.0
91,11,0.0,272.31,438.38,166.81,1,1,1.0
91,13,0.0,590.66,259.9,129.32000000000005,1,1,1.0
92,12,643.47,657.57,414.78,62.299999999999955,1,1,1.0
92,8,730.06,118.25,549.0,145.64,1,1,1.0
92,11,0.4,259.02,475.48,176.70000000000005,1,1,1.0
92,13,0.0,568.14,300.92,152.20000000000005,1,1,1.0
93,12,615.98,651.94,485.26,68.02999999999997,1,1,1.0
93,8,774.0,116.85,505.44000000000005,149.01000000000002,1,1,1.0
93,11,0.49,237.13,512.67,177.03000000000003,1,1,1.0
93,13,0.0,556.77,347.8,161.22000000000003,1,1,1.0
94,12,653.62,644.26,479.90999999999997,74.78999999999996,1,1,1.0
94,8,824.09,114.44,456.36,148.28000000000003,1,1,1.0
94,11,0.5,220.27,553.74,173.95000000000002,1,1,1.0
94,13,0.0,545.53,390.25,169.34000000000003,1,1,1.0
95,12,697.54,637.67,488.20000000000005,81.58000000000004,1,1,1.0
95,8,866.6,113.87,412.83000000000004,149.13,1,1,1.0
95,11,0.12,205.36,597.39,210.32999999999998,1,1,1.0
95,13,0.0,535.09,420.03,165.06999999999994,1,1,1.0
96,12,736.93,635.73,498.1,83.46000000000004,1,1,1.0
96,8,922.83,103.41,357.56000000000006,154.75000000000003,1,1,1.0
96,11,0.0,193.52,641.53,203.39000000000001,1,1,1.0
96,13,0.0,532.11,491.02,140.39999999999998,1,1,1.0
97,12,790.19,634.41,487.78999999999996,84.96000000000004,1,1,1.0
97,8,983.91,110.06,296.5300000000001,141.60999999999999,1,1,1.0
97,11,42.37,188.03,641.1899999999999,173.98999999999998,1,1,1.0
97,13,0.0,534.67,538.17,126.46000000000004,1,1,1.0
98,12,881.16,631.37,401.2800000000001,88.13999999999999,1,1,1.0
98,8,1014.81,122.99,264.96000000000004,127.3,1,1,1.0
98,11,112.4,187.22,612.37,144.88000000000002,1,1,1.0
98,13,0.0,531.89,575.98,128.76999999999998,1,1,1.0
98,14,0.0,249.23,94.24,124.82000000000002,1,1,1.0
99,12,873.83,642.17,408.14,77.28000000000009,1,1,1.0
99,8,1062.69,117.45,217.26999999999998,110.33999999999999,1,1,1.0
99,11,184.1,187.14,595.1,138.64,1,1,1.0
99,13,0.0,528.39,638.76,131.45000000000005,1,1,1.0
99,14,0.0,222.56,156.99,237.14,1,1,1.0
100,12,921.7,647.38,360.15999999999985,72.26999999999998,1,1,1.0
100,8,1099.7,120.78,180.29999999999995,104.52000000000001,1,1,1.0
100,11,256.89,180.19,582.14,142.29000000000002,1,1,1.0
100,13,32.2,522.64,657.1899999999999,146.46000000000004,1,1,1.0
100,14,0.0,198.56,226.83,236.14,1,1,1.0
101,12,959.46,654.8,320.8399999999999,65.00999999999999,1,1,1.0
101,8,1134.6,118.8,145.4000000000001,105.8,1,1,1.0
101,11,282.98,174.9,624.97,156.70000000000002,1,1,1.0
101,13,66.91,517.27,675.13,177.38,1,1,1.0
101,14,0.0,170.77,284.71,252.17999999999998,1,1,1.0
102,12,979.75,653.94,301.53999999999996,64.96999999999991,1,1,1.0
102,8,1206.28,126.58,73.72000000000003,106.60000000000001,1,1,1.0
102,11,339.22,173.0,623.91,157.58999999999997,1,1,1.0
102,13,129.32,518.54,659.6800000000001,192.16000000000008,1,1,1.0
102,14,0.0,146.01,348.22,286.24,1,1,1.0
103,12,1022.57,659.32,253.44999999999993,59.00999999999999,1,1,1.0
103,11,391.6,173.3,636.08,165.95999999999998,1,1,1.0
103,13,267.28,520.53,593.87,171.79000000000008,1,1,1.0
103,14,0.0,108.91,398.38,315.49,1,1,1.0
104,12,1076.96,663.64,203.03999999999996,56.360000000000014,1,1,1.0
104,11,494.45,171.3,599.7,156.68,1,1,1.0
104,13,331.0,541.86,589.19,114.92999999999995,1,1,1.0
104,14,0.0,77.78,437.71,349.67999999999995,1,1,1.0
105,11,551.9,176.98,598.38,151.66,1,1,1.0
105,13,414.9,516.06,582.46,138.93000000000006,1,1,1.0
105,14,0.0,49.54,513.29,377.98999999999995,1,1,1.0
106,11,621.61,173.74,622.9399999999999,161.44,1,1,1.0
106,13,498.81,490.25,575.71,162.92999999999995,1,1,1.0
106,14,0.0,5.22,602.46,445.65,1,1,1.0
107,11,701.8,167.4,576.8900000000001,176.49999999999997,1,1,1.0
107,13,552.0,526.76,645.6700000000001,141.15999999999997,1,1,1.0
107,14,1.55,0.0,698.23,439.02,1,1,1.0
108,11,779.2,166.2,500.79999999999995,178.32,1,1,1.0
108,13,682.2,534.13,596.0999999999999,163.13,1,1,1.0
108,14,81.59,0.0,662.36,352.99,1,1,1.0
109,11,864.2,168.6,415.18000000000006,177.01000000000002,1,1,1.0
109,13,779.79,534.12,500.5,175.48000000000002,1,1,1.0
109,14,183.7,1.05,632.3700000000001,295.95,1,1,1.0
110,11,960.6,186.2,319.4,150.2,1,1,1.0
110,13,863.09,526.86,416.68999999999994,186.04999999999995,1,1,1.0
110,14,291.7,0.0,595.1700000000001,246.5,1,1,1.0
111,11,1096.28,193.38,183.72000000000003,112.32,1,1,1.0
111,13,960.86,513.97,320.59000000000003,184.32999999999993,1,1,1.0
111,14,410.4,0.5,510.53,213.9,1,1,1.0
112,11,1195.7,200.32,84.29999999999995,112.28000000000003,1,1,1.0
112,13,1099.55,544.02,180.45000000000005,148.27999999999997,1,1,1.0
112,14,567.2,0.0,362.79999999999995,176.1,1,1,1.0
113,14,705.85,0.0,190.54999999999995,92.84,1,1,1.0
114,15,0.0,77.02,111.58,90.14999999999999,1,1,1.0
115,15,0.0,62.13,156.3,111.31,1,1,1.0
116,15,0.0,65.49,218.0,126.12000000000002,1,1,1.0
117,15,0.0,60.88,285.26,142.09,1,1,1.0
118,15,0.0,64.48,331.71,134.26,1,1,1.0
119,15,0.14,60.4,361.92,137.78,1,1,1.0
120,15,1.46,54.44,377.16,163.76,1,1,1.0
121,15,1.42,44.37,409.10999999999996,177.01999999999998,1,1,1.0
122,15,10.35,29.45,430.65,176.23000000000002,1,1,1.0
123,15,7.3,10.05,450.84999999999997,229.45,1,1,1.0
123,16,0.0,243.45,52.64,88.99000000000001,1,1,1.0
124,15,65.4,0.0,418.47,217.9,1,1,1.0
124,16,0.0,239.98,47.97,102.85,1,1,1.0
125,15,93.7,0.0,401.25,208.4,1,1,1.0
125,16,0.0,221.49,66.5,108.64999999999998,1,1,1.0
126,15,98.6,0.22,416.2099999999999,227.28,1,1,1.0
126,16,0.4,217.92,68.08,89.82000000000002,1,1,1.0
127,15,127.1,0.09,394.97,221.31,1,1,1.0
127,16,0.45,204.89,113.57,115.00999999999999,1,1,1.0
128,15,183.1,0.48,354.64,195.02,1,1,1.0
128,16,0.0,197.5,121.66,99.54000000000002,1,1,1.0
129,15,244.7,0.0,310.82,175.6,1,1,1.0
129,16,0.0,197.5,65.0,99.54000000000002,1,1,1.0
130,15,311.8,0.0,256.09999999999997,142.1,1,1,1.0
131,15,332.9,0.0,245.05000000000007,134.5,1,1,1.0
132,15,375.7,0.0,201.12000000000006,94.07,1,1,1.0
132,17,250.27,653.73,188.37999999999997,66.26999999999998,1,1,1.0
133,17,187.86,644.5,297.03999999999996,75.5,1,1,1.0
134,17,200.9,626.22,309.1,93.36000000000001,1,1,1.0
135,17,243.32,617.22,311.45,102.27999999999997,1,1,1.0
136,17,283.0,598.7,334.41999999999996,120.74000000000001,1,1,1.0
137,17,329.4,618.64,330.61,101.12,1,1,1.0
138,17,351.3,595.4,401.64000000000004,124.60000000000002,1,1,1.0
139,17,341.6,641.3,397.85,77.34000000000003,1,1,1.0
410,18,104.55,679.77,267.81,39.5,1,1,1.0
411,18,72.89,676.16,331.03000000000003,42.710000000000036,1,1,1.0
412,18,101.16,666.29,372.65,52.79000000000008,1,1,1.0
413,18,183.6,662.08,334.53999999999996,57.58999999999992,1,1,1.0
414,18,217.46,654.12,343.51,65.75,1,1,1.0
415,18,248.1,655.22,346.27,64.58999999999992,1,1,1.0
416,18,284.53,669.47,340.43000000000006,50.25,1,1,1.0
417,18,303.45,671.63,354.83,48.25999999999999,1,1,1.0
418,18,355.59,670.31,331.08,49.55000000000007,1,1,1.0
419,18,384.34,669.81,336.6000000000001,49.620000000000005,1,1,1.0
420,18,424.52,667.77,332.94000000000005,51.17000000000007,1,1,1.0
421,18,443.2,662.7,361.59999999999997,56.879999999999995,1,1,1.0
422,18,484.2,660.34,359.26000000000005,59.14999999999998,1,1,1.0
423,18,522.5,647.79,350.11,72.21000000000004,1,1,1.0
424,18,555.05,650.54,348.45000000000005,69.41000000000008,1,1,1.0
425,18,581.53,654.38,358.46000000000004,65.46000000000004,1,1,1.0
426,18,612.33,663.91,356.65999999999997,56.05000000000007,1,1,1.0
427,18,633.96,662.1,362.78999999999996,57.549999999999955,1,1,1.0
428,18,658.2,660.52,372.24,58.34000000000003,1,1,1.0
429,18,701.99,658.01,361.19000000000005,61.299999999999955,1,1,1.0
430,18,736.07,659.38,354.79999999999984,59.99000000000001,1,1,1.0
431,18,769.83,661.72,356.4599999999999,57.60000000000002,1,1,1.0
432,18,784.4,657.2,359.65999999999997,62.309999999999945,1,1,1.0
433,18,814.95,655.09,357.8399999999999,64.24000000000001,1,1,1.0
434,18,842.91,651.52,355.11,67.95000000000005,1,1,1.0
435,18,886.51,643.32,353.9200000000001,75.69999999999993,1,1,1.0
436,18,914.4,636.15,363.12,83.5,1,1,1.0
437,18,958.54,629.95,320.6400000000001,89.37,1,1,1.0
438,18,990.09,630.82,289.80000000000007,88.52999999999997,1,1,1.0
439,18,1012.73,635.25,265.95000000000005,82.98000000000002,1,1,1.0
440,18,1046.58,644.91,232.87000000000012,72.43000000000006,1,1,1.0
441,18,1046.58,644.91,233.42000000000007,75.09000000000003,1,1,1.0
442,18,1073.43,656.93,206.20000000000005,60.74000000000001,1,1,1.0
443,18,1088.45,653.46,191.54999999999995,66.53999999999996,1,1,1.0
444,18,1115.04,655.77,164.96000000000004,64.23000000000002,1,1,1.0
445,18,1136.99,656.93,143.01,63.07000000000005,1,1,1.0
479,19,0.0,142.25,68.5,82.31,1,1,1.0
480,19,0.63,107.07,93.92,148.1,1,1,1.0
481,19,0.42,99.21,128.33,179.3,1,1,1.0
482,19,0.0,86.16,155.66,227.23,1,1,1.0
483,19,0.0,76.8,192.6,275.59,1,1,1.0
484,19,0.0,63.99,216.26,281.4,1,1,1.0
485,19,0.0,51.4,266.1,302.87,1,1,1.0
486,19,0.02,39.93,312.98,348.75,1,1,1.0
487,19,0.0,30.83,354.22,337.36,1,1,1.0
488,19,0.02,22.53,397.32,318.32000000000005,1,1,1.0
489,19,0.0,7.5,431.9,390.76,1,1,1.0
490,19,0.0,0.32,473.01,385.38,1,1,1.0
491,19,0.7,0.0,507.58,361.4,1,1,1.0
492,19,0.0,0.0,520.31,325.1,1,1,1.0
492,20,360.06,667.6,394.14000000000004,52.39999999999998,1,1,1.0
493,19,11.1,0.0,544.17,293.1,1,1,1.0
493,20,387.0,677.61,383.42999999999995,42.389999999999986,1,1,1.0
494,19,63.0,0.0,526.3,272.8,1,1,1.0
494,20,441.4,667.74,364.97,52.25999999999999,1,1,1.0
495,19,128.7,0.0,492.91,235.7,1,1,1.0
495,20,512.62,656.48,341.53999999999996,62.66999999999996,1,1,1.0
496,19,179.1,0.0,459.97,210.3,1,1,1.0
496,20,523.27,650.97,363.94000000000005,68.92999999999995,1,1,1.0
497,19,245.0,0.0,422.35,174.4,1,1,1.0
497,20,574.0,641.87,368.21000000000004,77.92999999999995,1,1,1.0
497,21,210.97,647.95,122.51000000000002,72.04999999999995,1,1,1.0
498,19,300.7,0.0,396.97999999999996,161.4,1,1,1.0
498,20,612.93,637.47,369.3900000000001,82.20999999999992,1,1,1.0
498,21,224.8,643.33,146.82,76.66999999999996,1,1,1.0
499,19,351.0,0.01,374.78,135.39000000000001,1,1,1.0
499,20,648.98,621.49,384.46000000000004,98.30999999999995,1,1,1.0
499,21,258.32,638.71,146.82,81.28999999999996,1,1,1.0
500,19,400.5,0.0,342.01,115.8,1,1,1.0
500,20,689.12,611.81,381.9799999999999,108.54000000000008,1,1,1.0
500,21,270.96,631.1,167.05,88.27999999999997,1,1,1.0
501,19,453.4,0.0,327.88,98.6,1,1,1.0
501,20,729.3,608.41,373.52,112.24000000000001,1,1,1.0
501,21,294.46,623.37,174.49,96.64999999999998,1,1,1.0
502,19,550.8,0.0,256.09000000000003,74.91,1,1,1.0
502,20,767.01,619.25,368.52,101.07000000000005,1,1,1.0
502,21,302.72,616.47,199.22999999999996,103.91999999999996,1,1,1.0
503,19,610.82,0.0,224.29999999999995,77.82,1,1,1.0
503,20,811.65,646.61,349.6,73.00999999999999,1,1,1.0
503,21,297.94,606.16,236.31,113.28000000000009,1,1,1.0
504,19,660.4,0.0,193.02999999999997,90.0,1,1,1.0
504,20,864.41,649.61,315.4,70.11000000000001,1,1,1.0
504,21,324.0,593.45,241.0,105.94999999999993,1,1,1.0
505,19,713.0,0.0,162.87,88.8,1,1,1.0
505,20,913.1,644.0,293.65,76.0,1,1,1.0
505,21,367.31,584.09,227.11999999999995,83.71999999999991,1,1,1.0
506,19,783.49,1.16,132.83000000000004,89.91,1,1,1.0
506,20,967.3,632.5,255.78999999999996,87.14999999999998,1,1,1.0
506,21,426.0,572.17,243.67999999999995,82.29000000000008,1,1,1.0
507,22,0.0,535.85,147.38,68.76999999999998,1,1,1.0
507,19,893.07,0.0,82.7299999999999,86.42,1,1,1.0
507,20,1027.84,643.99,194.51,75.5,1,1,1.0
507,21,463.54,568.96,236.16000000000003,81.66999999999996,1,1,1.0
508,22,0.0,534.38,159.55,68.0,1,1,1.0
508,20,1062.51,642.83,105.49000000000001,77.16999999999996,1,1,1.0
508,21,488.83,570.54,238.28000000000003,85.88999999999999,1,1,1.0
509,22,0.0,537.28,175.66,66.66000000000008,1,1,1.0
509,21,504.41,573.38,252.37999999999994,99.92999999999995,1,1,1.0
510,22,0.0,541.91,182.0,68.47000000000003,1,1,1.0
510,21,467.0,579.65,313.86,111.50999999999999,1,1,1.0
511,22,0.0,549.59,183.03,70.63,1,1,1.0
511,21,485.3,585.36,311.00999999999993,112.74000000000001,1,1,1.0
512,22,0.0,559.47,185.81,72.88,1,1,1.0
512,21,507.5,590.17,306.21000000000004,99.13,1,1,1.0
513,22,0.0,566.62,193.16,74.63,1,1,1.0
513,21,525.4,594.65,314.76,80.35000000000002,1,1,1.0
514,22,0.0,576.89,195.68,78.91999999999996,1,1,1.0
514,21,544.41,599.39,315.98,85.20000000000005,1,1,1.0
515,22,0.0,583.02,197.99,85.73000000000002,1,1,1.0
515,21,557.86,592.62,324.43999999999994,102.90999999999997,1,1,1.0
516,22,0.01,584.39,203.17000000000002,97.60000000000002,1,1,1.0
516,21,560.48,593.52,344.79999999999995,115.25,1,1,1.0
517,22,0.0,591.41,208.17,97.09000000000003,1,1,1.0
517,21,582.89,608.04,348.39,106.71000000000004,1,1,1.0
518,22,0.58,594.08,210.51999999999998,105.21999999999991,1,1,1.0
518,21,586.5,628.62,377.35,87.20000000000005,1,1,1.0
519,22,0.8,599.2,220.0,105.89999999999998,1,1,1.0
519,21,590.8,627.38,412.0200000000001,92.20000000000005,1,1,1.0
520,22,0.43,598.53,234.22,101.57000000000005,1,1,1.0
520,21,615.6,631.14,408.4999999999999,88.49000000000001,1,1,1.0
521,22,0.36,598.42,247.35,105.28000000000009,1,1,1.0
521,21,661.02,634.09,416.0899999999999,85.58999999999992,1,1,1.0
522,22,0.94,597.12,266.27,109.77999999999997,1,1,1.0
522,21,697.0,631.46,413.22,88.38999999999999,1,1,1.0
523,22,0.82,590.87,312.83,101.92999999999995,1,1,1.0
523,21,747.52,602.63,449.18000000000006,118.15999999999997,1,1,1.0
524,22,0.59,586.61,345.5,112.09000000000003,1,1,1.0
524,21,797.63,606.09,464.9,114.32999999999993,1,1,1.0
525,22,5.84,584.04,366.09000000000003,101.66000000000008,1,1,1.0
525,21,829.22,603.94,451.3899999999999,116.71999999999991,1,1,1.0
526,22,43.76,580.75,353.78000000000003,89.78999999999996,1,1,1.0
526,21,879.25,632.3,401.55999999999995,88.13,1,1,1.0
527,22,74.09,573.92,348.75,91.43000000000006,1,1,1.0
527,21,910.25,646.02,370.4200000000001,73.30000000000007,1,1,1.0
528,22,102.6,571.93,344.95000000000005,89.81000000000006,1,1,1.0
528,21,953.52,643.28,327.93000000000006,76.25999999999999,1,1,1.0
529,22,128.74,569.02,340.57,85.97000000000003,1,1,1.0
529,21,998.75,641.42,280.6099999999999,77.99000000000001,1,1,1.0
530,22,142.75,563.09,348.08,90.63999999999999,1,1,1.0
530,21,1048.77,640.2,230.19000000000005,75.13999999999999,1,1,1.0
531,22,161.79,549.52,348.15999999999997,106.43000000000006,1,1,1.0
531,21,1078.42,630.1,201.62999999999988,85.16999999999996,1,1,1.0
532,22,178.2,555.42,352.26000000000005,109.56000000000006,1,1,1.0
532,21,1118.5,617.52,160.98000000000002,88.78999999999996,1,1,1.0
533,22,199.05,550.76,356.71,116.15999999999997,1,1,1.0
533,21,1140.46,605.96,139.53999999999996,88.78999999999996,1,1,1.0
534,22,228.72,552.71,350.68999999999994,116.41999999999996,1,1,1.0
534,21,1191.31,614.05,88.69000000000005,88.79000000000008,1,1,1.0
535,22,259.03,552.11,341.9,109.72000000000003,1,1,1.0
536,22,283.45,550.08,345.01000000000005,92.67999999999995,1,1,1.0
537,22,304.14,548.53,348.63,82.57000000000005,1,1,1.0
538,22,340.56,546.94,332.59,82.90999999999997,1,1,1.0
539,22,364.72,538.71,340.03999999999996,93.49000000000001,1,1,1.0
540,22,386.1,538.3,343.34000000000003,97.23000000000002,1,1,1.0
541,22,409.15,536.7,342.82000000000005,105.24000000000001,1,1,1.0
542,22,419.39,538.85,361.09000000000003,112.89999999999998,1,1,1.0
543,22,440.52,547.12,360.9200000000001,122.75999999999999,1,1,1.0
544,22,464.5,548.46,366.67999999999995,140.26,1,1,1.0
545,22,491.9,549.49,367.4200000000001,153.68999999999994,1,1,1.0
546,22,529.12,546.27,365.25,167.37,1,1,1.0
547,22,563.37,531.76,358.78,187.86,1,1,1.0
548,22,588.0,510.9,367.01,210.20000000000005,1,1,1.0
549,22,620.14,521.65,375.73,199.27999999999997,1,1,1.0
550,22,655.71,535.22,369.1700000000001,185.60000000000002,1,1,1.0
551,22,680.07,550.24,364.16999999999996,170.16999999999996,1,1,1.0
552,22,707.77,570.22,354.94000000000005,150.45999999999992,1,1,1.0
553,22,733.11,576.58,341.9599999999999,143.83999999999992,1,1,1.0
554,22,754.33,601.27,350.58000000000004,118.84000000000003,1,1,1.0
555,22,788.82,624.84,305.81000000000006,94.75,1,1,1.0
556,22,827.22,640.47,287.06999999999994,79.22000000000003,1,1,1.0
557,22,875.98,644.31,234.16000000000008,75.25,1,1,1.0
558,22,902.51,636.76,197.83999999999992,83.35000000000002,1,1,1.0
559,22,948.54,645.77,151.81999999999994,74.02999999999997,1,1,1.0
560,22,990.07,651.66,112.24999999999989,67.72000000000003,1,1,1.0
612,23,0.0,651.42,185.5,68.58000000000004,1,1,1.0
613,23,0.0,646.15,200.86,73.0,1,1,1.0
614,23,0.0,668.64,233.56,50.90999999999997,1,1,1.0
670,24,0.0,549.4,57.73,170.60000000000002,1,1,1.0
671,24,0.0,570.19,68.1,149.80999999999995,1,1,1.0
672,24,17.33,581.75,78.47,138.25,1,1,1.0
673,24,46.21,596.76,85.38999999999999,123.24000000000001,1,1,1.0
674,24,46.21,596.76,115.38999999999999,123.24000000000001,1,1,1.0
675,24,61.23,601.39,115.39000000000001,118.61000000000001,1,1,1.0
676,24,116.68,606.01,90.01999999999998,113.99000000000001,1,1,1.0
677,24,179.1,637.2,49.55000000000001,82.79999999999995,1,1,1.0
678,24,184.88,637.2,69.22,82.79999999999995,1,1,1.0
679,24,184.88,638.3,58.81999999999999,81.70000000000005,1,1,1.0
680,24,179.1,656.78,73.80000000000001,63.22000000000003,1,1,1.0
683,25,0.0,502.33,90.8,55.46999999999997,1,1,1.0
684,25,0.0,484.0,114.78,75.21000000000004,1,1,1.0
685,25,0.0,478.45,144.54,80.24000000000007,1,1,1.0
686,25,0.0,461.11,175.98,100.86000000000001,1,1,1.0
687,25,0.0,457.01,204.1,107.26999999999998,1,1,1.0
688,25,0.0,453.08,229.65,113.96999999999997,1,1,1.0
689,25,0.0,434.14,255.22,138.52999999999997,1,1,1.0
690,25,0.0,441.74,286.55,138.23000000000002,1,1,1.0
691,25,0.81,443.3,306.12,146.95999999999998,1,1,1.0
691,26,0.0,665.12,73.52,54.879999999999995,1,1,1.0
692,25,0.58,442.74,328.15000000000003,157.23000000000002,1,1,1.0
692,26,0.0,640.7,126.7,79.29999999999995,1,1,1.0
693,25,1.97,443.47,352.91999999999996,164.5,1,1,1.0
693,27,0.0,666.1,113.2,53.89999999999998,1,1,1.0
693,26,0.0,633.5,159.8,86.5,1,1,1.0
694,28,0.55,0.0,217.7,33.21,1,1,1.0
694,25,2.43,446.56,378.06,167.11999999999995,1,1,1.0
694,27,0.0,652.58,137.86,67.41999999999996,1,1,1.0
694,26,0.0,633.5,203.0,86.5,1,1,1.0
695,28,0.81,0.0,244.16,28.92,1,1,1.0
695,25,1.98,446.24,415.5,170.97000000000003,1,1,1.0
695,27,0.78,651.4,133.82,67.47000000000003,1,1,1.0
695,26,0.0,627.7,249.0,92.29999999999995,1,1,1.0
696,28,0.81,0.0,244.16,28.92,1,1,1.0
696,25,0.57,427.98,449.91,192.16999999999996,1,1,1.0
696,27,1.07,653.2,160.03,65.67999999999995,1,1,1.0
696,26,0.0,623.4,296.5,96.60000000000002,1,1,1.0
697,28,35.66,0.0,277.69000000000005,27.6,1,1,1.0
697,25,56.79,423.05,430.76,197.23999999999995,1,1,1.0
697,27,0.89,643.9,252.61,75.81000000000006,1,1,1.0
697,26,0.0,610.5,336.8,109.5,1,1,1.0
698,28,53.08,0.0,294.47,25.8,1,1,1.0
698,25,102.8,416.5,416.48999999999995,212.17999999999995,1,1,1.0
698,27,0.39,640.8,257.71000000000004,79.0,1,1,1.0
698,26,145.3,609.06,259.09999999999997,109.5,1,1,1.0
699,28,87.93,0.0,328.0,29.1,1,1,1.0
699,25,167.01,417.44,387.01,225.25000000000006,1,1,1.0
699,27,0.0,640.77,312.13,79.23000000000002,1,1,1.0
699,26,181.26,600.43,259.1,109.5,1,1,1.0
700,28,11.6,0.02,418.37,27.580000000000002,1,1,1.0
700,25,201.9,430.2,377.38,225.26000000000005,1,1,1.0
700,27,0.0,636.27,386.62,83.73000000000002,1,1,1.0
700,26,224.41,596.12,259.1,109.5,1,1,1.0
701,28,46.52,0.0,391.77000000000004,26.32,1,1,1.0
701,25,213.18,453.35,390.82,221.76,1,1,1.0
701,27,2.74,633.35,429.62,86.64999999999998,1,1,1.0
701,26,234.5,590.36,284.97,109.5,1,1,1.0
702,28,93.44,0.0,382.6,25.71,1,1,1.0
702,25,225.01,468.9,398.52,230.68000000000006,1,1,1.0
702,27,0.15,623.42,483.8,96.47000000000003,1,1,1.0
702,26,274.42,579.97,290.68,110.23000000000002,1,1,1.0
703,28,145.0,0.0,366.0,27.4,1,1,1.0
703,29,0.0,265.88,91.1,69.18,1,1,1.0
703,25,247.23,470.13,411.66999999999996,249.87,1,1,1.0
703,27,0.0,619.15,518.77,100.46000000000004,1,1,1.0
703,26,318.97,573.23,298.92999999999995,96.56999999999994,1,1,1.0
704,28,194.71,0.0,360.93999999999994,28.73,1,1,1.0
704,29,0.0,258.43,122.0,77.65999999999997,1,1,1.0
704,25,267.7,498.4,410.29,221.26999999999998,1,1,1.0
704,27,0.0,572.3,566.54,146.88,1,1,1.0
704,26,327.02,573.97,338.18000000000006,103.02999999999997,1,1,1.0
705,28,225.57,0.0,350.82,31.38,1,1,1.0
705,29,0.0,251.87,154.61,96.82999999999998,1,1,1.0
705,25,309.26,504.21,402.25,215.79000000000002,1,1,1.0
705,27,48.3,621.9,549.7900000000001,97.67000000000007,1,1,1.0
705,26,340.61,573.35,362.62,100.32999999999993,1,1,1.0
705,30,0.0,549.86,58.9,170.14,1,1,1.0
706,28,277.24,0.0,340.70000000000005,34.03,1,1,1.0
706,29,0.0,249.97,190.94,95.47999999999999,1,1,1.0
706,25,350.76,500.92,385.94000000000005,219.07999999999998,1,1,1.0
706,27,84.0,618.4,548.56,101.5,1,1,1.0
706,26,358.48,570.4,383.11,103.80000000000007,1,1,1.0
706,31,0.0,68.99,65.45,63.97000000000001,1,1,1.0
706,30,0.0,556.3,80.8,163.70000000000005,1,1,1.0
707,28,313.47,0.0,335.64,35.35,1,1,1.0
707,29,0.0,241.8,234.5,110.56,1,1,1.0
707,25,392.36,487.05,375.53999999999996,232.95,1,1,1.0
707,27,176.8,608.2,545.01,111.79999999999995,1,1,1.0
707,26,343.0,575.5,459.70000000000005,97.13999999999999,1,1,1.0
707,31,0.0,58.93,98.84,73.44999999999999,1,1,1.0
707,30,17.4,559.41,92.59,160.59000000000003,1,1,1.0
708,29,0.0,224.8,276.35,130.72999999999996,1,1,1.0
708,25,436.28,480.12,342.4200000000001,239.88,1,1,1.0
708,27,252.0,566.3,471.96000000000004,152.66000000000008,1,1,1.0
708,26,345.2,566.3,500.85999999999996,103.54000000000008,1,1,1.0
708,31,0.26,46.54,151.04000000000002,94.06,1,1,1.0
708,30,0.0,585.28,147.25,134.72000000000003,1,1,1.0
709,29,0.0,232.5,315.01,120.33999999999997,1,1,1.0
709,25,506.47,487.75,317.13,232.25,1,1,1.0
709,27,308.3,584.7,522.04,135.29999999999995,1,1,1.0
709,26,410.3,551.57,490.45,103.68999999999994,1,1,1.0
709,31,0.0,43.15,200.1,98.44999999999999,1,1,1.0
709,30,17.59,623.57,147.25,96.42999999999995,1,1,1.0
710,29,0.0,237.4,356.76,119.04999999999998,1,1,1.0
710,25,555.5,483.05,303.70000000000005,236.95,1,1,1.0
710,27,393.28,640.99,487.14,78.81999999999994,1,1,1.0
710,26,477.3,541.7,474.91,110.53999999999996,1,1,1.0
710,31,0.0,26.37,252.3,119.53,1,1,1.0
710,30,18.6,626.67,175.22,93.33000000000004,1,1,1.0
711,29,32.1,243.13,420.26,124.70999999999998,1,1,1.0
711,25,686.79,529.81,265.11,190.19000000000005,1,1,1.0
711,27,589.65,587.69,382.27,129.44999999999993,1,1,1.0
711,26,630.8,530.22,512.7,142.15999999999997,1,1,1.0
711,31,1.61,38.2,350.52,106.99,1,1,1.0
711,32,0.0,151.01,125.0,76.06,1,1,1.0
711,33,0.27,648.1,252.56,71.89999999999998,1,1,1.0
711,30,122.1,640.12,115.18,79.88,1,1,1.0
712,29,118.0,237.19,381.01,137.39,1,1,1.0
712,25,717.11,550.32,211.78999999999996,169.67999999999995,1,1,1.0
712,27,655.34,542.84,365.78,173.58999999999992,1,1,1.0
712,26,697.92,518.62,513.42,120.63999999999999,1,1,1.0
712,31,5.82,37.5,396.3,116.80000000000001,1,1,1.0
712,32,0.14,129.92,178.39000000000001,103.30000000000001,1,1,1.0
712,33,0.0,644.8,287.1,75.20000000000005,1,1,1.0
712,34,0.0,403.09,72.36,72.61000000000001,1,1,1.0
712,30,141.8,656.68,90.31,63.32000000000005,1,1,1.0
713,29,184.0,230.78,356.48,149.55999999999997,1,1,1.0
713,25,855.59,584.06,91.00999999999999,135.94000000000005,1,1,1.0
713,27,681.45,546.57,365.78,173.42999999999995,1,1,1.0
713,26,729.97,510.45,542.53,140.56,1,1,1.0
713,31,29.48,37.3,412.68,109.22000000000001,1,1,1.0
713,32,0.0,122.81,248.52,112.94,1,1,1.0
713,33,40.13,633.56,286.27,86.44000000000005,1,1,1.0
713,35,0.0,550.0,172.31,89.16999999999996,1,1,1.0
713,34,0.0,403.09,128.5,89.91000000000003,1,1,1.0
713,30,162.5,650.47,79.94999999999999,69.52999999999997,1,1,1.0
714,29,233.58,227.69,343.8399999999999,160.25,1,1,1.0
714,25,851.5,618.96,103.20000000000005,101.03999999999996,1,1,1.0
714,27,735.93,557.78,333.56000000000006,160.66000000000008,1,1,1.0
714,26,824.5,505.44,455.5,143.06,1,1,1.0
714,31,79.4,47.4,405.28999999999996,102.57999999999998,1,1,1.0
714,32,0.0,110.29,295.51,127.40999999999998,1,1,1.0
714,33,84.27,635.97,263.83000000000004,84.02999999999997,1,1,1.0
714,35,0.0,550.0,208.4,90.79999999999995,1,1,1.0
714,34,0.0,381.86,149.52,131.15999999999997,1,1,1.0
714,36,0.0,0.13,227.31,54.87,1,1,1.0
714,30,157.33,665.99,79.94999999999999,54.00999999999999,1,1,1.0
715,29,272.3,226.63,322.84999999999997,175.84000000000003,1,1,1.0
715,25,890.36,631.95,89.84000000000003,88.04999999999995,1,1,1.0
715,27,844.9,580.2,269.13,135.1099999999999,1,1,1.0
715,26,811.69,503.57,467.95000000000005,157.25000000000006,1,1,1.0
715,31,165.1,56.6,352.25,97.67000000000002,1,1,1.0
715,32,0.0,115.6,334.46,128.35,1,1,1.0
715,33,137.2,634.37,214.11,84.01999999999998,1,1,1.0
715,35,0.0,550.0,220.4,102.79999999999995,1,1,1.0
715,34,0.0,375.82,171.76,169.76000000000005,1,1,1.0
715,36,0.0,0.02,258.27,61.779999999999994,1,1,1.0
716,29,310.05,231.8,310.55,185.84999999999997,1,1,1.0
716,25,932.77,654.26,78.23000000000002,65.74000000000001,1,1,1.0
716,27,883.82,580.99,238.83000000000004,138.59000000000003,1,1,1.0
716,26,859.46,505.77,420.1299999999999,142.92000000000007,1,1,1.0
716,31,227.9,61.03,334.9,95.19999999999999,1,1,1.0
716,32,0.33,125.6,368.86,125.16,1,1,1.0
716,33,167.9,637.58,166.96,81.21999999999991,1,1,1.0
716,35,0.0,550.0,263.7,107.60000000000002,1,1,1.0
716,34,0.0,386.22,217.55,180.90999999999997,1,1,1.0
716,36,0.0,0.0,283.65,65.57,1,1,1.0
717,29,328.28,257.38,322.89,174.82999999999998,1,1,1.0
717,25,957.12,660.44,73.08000000000004,59.559999999999945,1,1,1.0
717,27,894.98,555.7,220.93000000000006,164.29999999999995,1,1,1.0
717,26,897.12,511.46,381.91999999999996,128.83999999999997,1,1,1.0
717,31,262.62,62.58,322.52,96.89,1,1,1.0
717,32,0.63,126.92,407.73,127.52,1,1,1.0
717,33,183.25,639.18,143.38,79.82000000000005,1,1,1.0
717,35,0.8,565.25,255.7,101.95000000000005,1,1,1.0
717,34,0.95,395.86,254.92000000000002,186.10000000000002,1,1,1.0
717,36,0.0,0.0,289.82,87.01,1,1,1.0
718,29,340.32,275.25,338.41,175.01999999999998,1,1,1.0
718,27,931.7,557.6,173.06999999999994,162.39999999999998,1,1,1.0
718,26,943.22,501.45,336.55999999999995,145.24000000000007,1,1,1.0
718,31,265.74,67.06,380.16999999999996,95.78999999999999,1,1,1.0
718,32,0.52,140.4,441.57,119.62999999999997,1,1,1.0
718,33,198.6,640.79,119.79999999999998,78.41000000000008,1,1,1.0
718,35,0.0,560.43,258.9,104.37,1,1,1.0
718,34,1.29,401.88,302.64,193.21000000000004,1,1,1.0
718,36,0.0,0.0,308.13,74.58,1,1,1.0
719,29,375.97,277.19,344.66999999999996,169.51,1,1,1.0
719,27,961.54,601.12,117.16000000000008,118.88,1,1,1.0
719,26,983.45,499.28,296.3499999999999,144.02999999999997,1,1,1.0
719,31,300.62,70.01,363.12,95.3,1,1,1.0
719,32,3.73,153.34,485.78999999999996,117.78999999999999,1,1,1.0
719,33,220.2,644.0,105.57,75.60000000000002,1,1,1.0
719,35,21.63,552.11,290.59000000000003,125.67999999999995,1,1,1.0
719,34,0.0,387.9,352.48,215.26,1,1,1.0
719,36,0.0,0.0,360.4,81.75,1,1,1.0
720,29,434.59,279.24,345.37000000000006,173.95999999999998,1,1,1.0
720,27,998.8,639.66,73.68000000000006,80.34000000000003,1,1,1.0
720,26,1027.38,504.64,253.29999999999995,125.97000000000003,1,1,1.0
720,31,342.3,74.75,369.94,94.15,1,1,1.0
720,32,52.3,163.6,491.45,104.25000000000003,1,1,1.0
720,33,241.7,645.6,90.43,74.19999999999993,1,1,1.0
720,35,41.2,543.3,305.5,143.4000000000001,1,1,1.0
720,34,89.5,420.3,320.81,192.99999999999994,1,1,1.0
720,36,3.39,0.02,387.25,97.67,1,1,1.0
721,29,471.97,278.15,344.65,178.15000000000003,1,1,1.0
721,26,1095.91,518.85,184.19999999999982,104.0,1,1,1.0
721,31,400.73,76.84,364.66999999999996,95.24000000000001,1,1,1.0
721,32,104.4,154.66,492.26,124.44000000000003,1,1,1.0
721,33,277.97,677.7,65.63,42.299999999999955,1,1,1.0
721,35,63.7,559.3,294.1,160.70000000000005,1,1,1.0
721,34,110.87,407.48,344.12,210.23000000000002,1,1,1.0
721,36,1.8,0.14,439.46999999999997,118.46,1,1,1.0
722,29,517.61,287.33,330.90999999999997,181.3,1,1,1.0
722,26,1139.32,530.6,140.48000000000002,81.75999999999999,1,1,1.0
722,31,452.0,78.29,354.77,97.27999999999999,1,1,1.0
722,32,192.43,164.93,447.12999999999994,104.87,1,1,1.0
722,35,83.75,582.38,288.45,137.62,1,1,1.0
722,34,153.79,476.21,339.75,147.53000000000003,1,1,1.0
722,36,24.35,0.27,436.39,111.01,1,1,1.0
723,29,549.26,328.86,331.65999999999997,150.76999999999998,1,1,1.0
723,26,1197.48,549.17,82.73000000000002,71.88,1,1,1.0
723,31,495.71,72.78,353.79,104.08000000000001,1,1,1.0
723,32,267.43,161.62,409.85999999999996,107.87,1,1,1.0
723,35,117.74,587.88,247.56,132.12,1,1,1.0
723,34,159.43,475.19,369.15000000000003,165.34999999999997,1,1,1.0
723,36,59.28,0.0,426.58000000000004,107.14,1,1,1.0
724,29,546.94,324.64,359.03,173.19,1,1,1.0
724,31,515.03,70.3,372.87,105.72000000000001,1,1,1.0
724,32,283.53,155.03,426.52,115.09,1,1,1.0
724,35,130.82,590.93,243.68,129.07000000000005,1,1,1.0
724,34,170.27,498.56,405.52,152.16000000000003,1,1,1.0
724,36,91.16,0.0,422.05000000000007,106.38,1,1,1.0
725,29,556.1,339.07,380.19999999999993,173.2,1,1,1.0
725,31,525.63,71.57,397.54999999999995,101.61000000000001,1,1,1.0
725,32,304.28,158.57,451.1700000000001,130.19,1,1,1.0
725,35,156.9,592.54,211.6,127.46000000000004,1,1,1.0
725,34,216.01,517.8,395.54999999999995,139.25,1,1,1.0
725,37,1.22,243.58,56.57,71.22999999999999,1,1,1.0
725,36,123.44,0.0,414.09999999999997,94.7,1,1,1.0
726,29,604.77,369.74,398.37,173.81999999999994,1,1,1.0
726,31,592.12,76.03,410.35,100.50999999999999,1,1,1.0
726,32,397.67,152.55,440.61999999999995,126.39999999999998,1,1,1.0
726,35,208.67,567.66,166.63000000000002,152.34000000000003,1,1,1.0
726,34,318.99,500.23,372.73,174.47000000000003,1,1,1.0
726,37,0.34,266.96,73.28,83.98000000000002,1,1,1.0
726,36,167.03,0.0,404.64,88.91,1,1,1.0
727,29,639.84,369.79,409.7399999999999,185.45,1,1,1.0
727,31,633.84,77.15,403.62,100.38,1,1,1.0
727,32,449.5,152.69,437.58000000000004,117.70999999999998,1,1,1.0
727,35,225.52,577.29,152.17999999999998,142.71000000000004,1,1,1.0
727,34,358.32,505.2,375.31,184.51000000000005,1,1,1.0
727,37,0.0,283.31,66.33,83.93,1,1,1.0
727,36,193.3,0.02,407.71,84.89,1,1,1.0
728,29,723.97,355.58,437.97,221.50000000000006,1,1,1.0
728,31,702.14,62.04,448.67999999999995,111.87,1,1,1.0
728,32,571.07,151.39,460.4,100.86000000000001,1,1,1.0
728,35,283.31,554.82,156.19,165.17999999999995,1,1,1.0
728,34,446.25,562.06,387.26,157.41000000000008,1,1,1.0
728,37,0.0,284.24,68.03,106.39999999999998,1,1,1.0
728,36,298.96,0.0,381.21999999999997,72.81,1,1,1.0
729,29,759.68,356.49,459.2500000000001,232.72000000000003,1,1,1.0
729,31,753.17,59.19,469.68999999999994,115.00999999999999,1,1,1.0
729,32,611.03,147.02,496.27,97.50999999999999,1,1,1.0
729,35,271.27,586.12,167.43,133.88,1,1,1.0
729,34,494.42,554.78,386.82,164.97000000000003,1,1,1.0
729,37,0.0,289.79,74.67,110.90999999999997,1,1,1.0
729,36,378.27,0.0,333.28999999999996,62.29,1,1,1.0
730,29,826.48,362.12,452.21000000000004,244.54999999999995,1,1,1.0
730,31,752.35,60.2,527.65,110.89999999999999,1,1,1.0
730,32,661.8,135.86,553.3300000000002,111.23999999999998,1,1,1.0
730,35,371.59,577.29,108.91000000000003,142.71000000000004,1,1,1.0
730,34,552.04,540.66,388.62,179.44000000000005,1,1,1.0
730,37,0.03,298.21,82.0,112.06,1,1,1.0
730,36,430.02,0.0,311.33000000000004,57.26,1,1,1.0
731,29,852.78,370.85,427.76,247.12,1,1,1.0
731,31,874.94,57.61,405.05999999999995,91.89,1,1,1.0
731,32,726.7,125.3,532.3699999999999,117.50000000000001,1,1,1.0
731,35,381.22,565.25,117.67999999999995,154.75,1,1,1.0
731,38,0.0,665.57,64.8,54.42999999999995,1,1,1.0
731,39,35.0,646.3,79.52,47.450000000000045,1,1,1.0
731,34,612.18,522.71,355.7600000000001,197.94999999999993,1,1,1.0
731,37,0.0,308.23,70.95,111.27999999999997,1,1,1.0
731,36,485.36,0.0,299.27,61.87,1,1,1.0
732,29,875.79,373.53,404.4200000000001,245.44000000000005,1,1,1.0
732,31,946.39,55.71,333.9799999999999,104.23999999999998,1,1,1.0
732,32,773.7,125.5,506.29999999999995,115.5,1,1,1.0
732,35,398.08,568.46,108.82,151.53999999999996,1,1,1.0
732,38,0.0,662.36,72.0,57.35000000000002,1,1,1.0
732,39,43.0,633.5,74.73,53.83000000000004,1,1,1.0
732,34,647.76,518.34,351.86,202.12,1,1,1.0
732,40,0.0,328.41,91.15,40.02999999999997,1,1,1.0
732,36,513.69,0.0,301.2399999999999,53.2,1,1,1.0
733,29,889.44,383.12,389.69000000000005,242.98000000000002,1,1,1.0
733,31,974.01,53.98,305.99,104.24000000000001,1,1,1.0
733,32,820.0,123.8,457.95000000000005,123.7,1,1,1.0
733,35,395.67,597.35,122.43,122.64999999999998,1,1,1.0
733,38,1.6,651.93,79.21000000000001,60.270000000000095,1,1,1.0
733,39,47.1,627.0,101.12,55.50999999999999,1,1,1.0
733,34,699.7,529.68,324.97,190.44000000000005,1,1,1.0
733,40,0.0,309.51,111.42,58.079999999999984,1,1,1.0
733,36,541.25,0.18,301.57000000000005,43.33,1,1,1.0
734,29,918.71,399.1,361.76,224.45999999999992,1,1,1.0
734,31,1036.21,66.47,243.78999999999996,85.44999999999999,1,1,1.0
734,32,878.7,131.4,400.8599999999999,125.6,1,1,1.0
734,35,442.22,644.71,87.88,75.28999999999996,1,1,1.0
734,38,0.0,643.1,97.7,61.89999999999998,1,1,1.0
734,39,22.1,617.3,134.95000000000002,63.610000000000014,1,1,1.0
734,34,761.22,551.3,294.28999999999996,168.62,1,1,1.0
734,40,0.05,309.24,137.83999999999997,54.00999999999999,1,1,1.0
734,36,575.21,0.0,324.5899999999999,40.51,1,1,1.0
735,29,944.0,420.8,335.53999999999996,207.05,1,1,1.0
735,31,1091.91,69.3,188.08999999999992,79.89999999999999,1,1,1.0
735,32,951.76,143.8,326.75,125.09999999999997,1,1,1.0
735,35,471.92,651.13,64.57999999999998,68.87,1,1,1.0
735,38,-0.0,643.78,98.3,64.11000000000001,1,1,1.0
735,39,15.1,618.6,152.38,63.110000000000014,1,1,1.0
735,34,772.73,566.07,297.24,153.30999999999995,1,1,1.0
735,40,0.0,283.34,141.3,78.16000000000003,1,1,1.0
735,36,631.08,0.0,317.91999999999996,38.83,1,1,1.0
736,29,987.33,425.28,292.63,214.34000000000003,1,1,1.0
736,31,1125.56,69.7,154.44000000000005,85.86999999999999,1,1,1.0
736,32,1005.22,136.9,273.8599999999999,129.49999999999997,1,1,1.0
736,38,-0.0,645.15,99.5,68.52999999999997,1,1,1.0
736,39,12.8,619.6,149.85999999999999,70.93999999999994,1,1,1.0
736,34,801.89,604.23,281.2199999999999,115.87,1,1,1.0
736,40,0.86,285.93,161.14,85.96999999999997,1,1,1.0
736,36,658.74,0.0,322.28,36.28,1,1,1.0
737,29,1021.52,435.79,258.72,197.58999999999997,1,1,1.0
737,31,1148.23,66.9,131.76999999999998,90.94999999999999,1,1,1.0
737,32,1068.0,132.47,211.99,136.73,1,1,1.0
737,38,0.0,645.5,100.11,70.74000000000001,1,1,1.0
737,39,16.1,626.2,160.21,76.38,1,1,1.0
737,34,842.75,629.7,235.8699999999999,90.09999999999991,1,1,1.0
737,40,1.73,287.66,189.67000000000002,90.33999999999997,1,1,1.0
737,36,686.78,0.0,324.46000000000004,35.31,1,1,1.0
738,29,1032.5,437.0,247.5,194.70000000000005,1,1,1.0
738,31,1193.13,70.34,86.86999999999989,84.91999999999999,1,1,1.0
738,32,1124.98,136.79,155.01999999999998,133.31000000000003,1,1,1.0
738,38,0.0,660.75,94.49,59.25,1,1,1.0
738,39,23.7,632.8,159.03,72.99000000000001,1,1,1.0
738,34,880.7,625.05,193.23000000000002,94.44000000000005,1,1,1.0
738,40,0.0,300.6,210.4,83.39999999999998,1,1,1.0
738,41,0.0,502.1,74.77,77.03999999999996,1,1,1.0
739,29,1063.1,452.2,216.9000000000001,177.56,1,1,1.0
739,32,1143.11,151.46,136.8900000000001,116.03999999999999,1,1,1.0
739,38,0.0,661.55,72.02,58.450000000000045,1,1,1.0
739,39,31.9,637.2,178.92,79.01999999999998,1,1,1.0
739,34,940.45,627.87,111.04999999999995,92.13,1,1,1.0
739,40,0.0,310.1,231.1,88.59999999999997,1,1,1.0
739,41,0.0,513.16,93.58,72.38999999999999,1,1,1.0
740,29,1091.29,478.57,188.71000000000004,146.22999999999996,1,1,1.0
740,32,1197.5,165.28,82.5,93.61999999999998,1,1,1.0
740,38,0.0,661.55,72.02,58.450000000000045,1,1,1.0
740,39,38.2,654.3,189.46999999999997,63.530000000000086,1,1,1.0
740,34,987.92,651.61,83.28000000000009,68.38999999999999,1,1,1.0
740,40,0.0,317.9,274.3,86.80000000000001,1,1,1.0
740,41,0.0,520.03,119.56,72.25999999999999,1,1,1.0
740,42,0.0,277.54,70.18,43.25999999999999,1,1,1.0
740,36,800.7,0.0,426.29999999999995,32.9,1,1,1.0
741,29,1135.5,510.1,143.83999999999992,118.05999999999995,1,1,1.0
741,39,51.8,663.1,194.32999999999998,56.89999999999998,1,1,1.0
741,40,0.0,316.15,288.1,96.35000000000002,1,1,1.0
741,41,0.42,528.95,132.60000000000002,85.32999999999993,1,1,1.0
741,42,0.0,266.63,89.86,62.079999999999984,1,1,1.0
741,36,838.88,0.0,441.12,30.96,1,1,1.0
742,29,1161.8,527.17,118.20000000000005,99.05000000000007,1,1,1.0
742,39,63.04,662.3,194.33,56.09000000000003,1,1,1.0
742,40,0.0,328.23,294.1,103.26999999999998,1,1,1.0
742,41,0.0,532.9,148.22,97.09000000000003,1,1,1.0
742,42,0.04,265.24,107.69,76.30000000000001,1,1,1.0
742,36,921.23,0.0,356.51,38.42,1,1,1.0
743,29,1198.3,555.29,81.59000000000015,76.33000000000004,1,1,1.0
743,40,0.0,340.32,313.1,94.28000000000003,1,1,1.0
743,41,0.13,535.32,160.8,120.12,1,1,1.0
743,42,0.32,250.23,132.03,105.46000000000001,1,1,1.0
743,36,963.9,0.64,316.1,47.019999999999996,1,1,1.0
744,40,0.0,350.68,300.1,95.51999999999998,1,1,1.0
744,41,0.11,549.61,179.25,126.81999999999994,1,1,1.0
744,42,0.28,263.6,144.34,110.87,1,1,1.0
744,43,0.0,85.0,92.9,76.80000000000001,1,1,1.0
744,36,1011.9,1.64,268.1,47.019999999999996,1,1,1.0
745,40,0.86,355.86,311.24,126.83999999999997,1,1,1.0
745,41,0.01,564.68,197.52,121.2700000000001,1,1,1.0
745,42,0.27,272.21,164.04999999999998,113.82,1,1,1.0
745,43,0.0,85.62,112.01,90.63,1,1,1.0
745,36,1089.6,0.58,190.4000000000001,54.45,1,1,1.0
746,40,0.86,379.2,301.84,162.00000000000006,1,1,1.0
746,41,0.3,570.92,212.07999999999998,124.71000000000004,1,1,1.0
746,42,0.25,281.24,175.78,114.90999999999997,1,1,1.0
746,43,0.0,71.11,184.76,144.95,1,1,1.0
747,40,0.86,379.2,293.24,194.8,1,1,1.0
747,41,0.14,579.09,234.59,107.73000000000002,1,1,1.0
747,42,0.0,287.45,201.71,108.55000000000001,1,1,1.0
747,43,0.0,68.45,219.36,149.74,1,1,1.0
748,40,45.75,380.06,255.25,225.04000000000002,1,1,1.0
748,41,0.83,581.48,277.68,92.91999999999996,1,1,1.0
748,42,0.0,280.21,250.69,115.19,1,1,1.0
748,43,0.0,61.25,278.94,158.81,1,1,1.0
748,44,1.22,667.9,91.82000000000001,49.83000000000004,1,1,1.0
749,40,123.45,375.75,206.95,250.95000000000005,1,1,1.0
749,41,2.82,576.58,334.37,90.78999999999996,1,1,1.0
749,42,0.0,271.62,296.91,116.04000000000002,1,1,1.0
749,43,1.24,48.96,390.87,171.73999999999998,1,1,1.0
749,45,0.0,215.89,97.22,60.56999999999999,1,1,1.0
749,44,0.86,656.4,120.15,61.75,1,1,1.0
750,40,187.34,361.93,179.35999999999999,277.77000000000004,1,1,1.0
750,41,2.82,576.58,363.38,85.01999999999998,1,1,1.0
750,42,0.0,259.39,347.07,117.18,1,1,1.0
750,43,0.44,31.2,425.41,179.27,1,1,1.0
750,45,0.0,198.5,124.3,76.88,1,1,1.0
750,44,48.1,651.4,108.95000000000002,59.29000000000008,1,1,1.0
751,40,189.93,356.76,185.39,288.98,1,1,1.0
751,41,57.2,562.59,356.0,87.00999999999999,1,1,1.0
751,42,1.4,253.66,393.31,118.84,1,1,1.0
751,43,0.87,4.91,484.99,186.32,1,1,1.0
751,45,0.72,191.8,185.34,88.90999999999997,1,1,1.0
751,44,67.2,637.2,119.46999999999998,55.43999999999994,1,1,1.0
752,40,169.21,374.0,268.28999999999996,244.98000000000002,1,1,1.0
752,41,85.71,554.57,367.79,81.42999999999995,1,1,1.0
752,42,0.95,240.93,450.33,123.87,1,1,1.0
752,43,0.49,1.27,565.61,182.67,1,1,1.0
752,45,0.32,164.8,229.8,112.44999999999999,1,1,1.0
752,44,14.8,606.4,212.47,74.98000000000002,1,1,1.0
752,46,1.11,616.34,91.95,103.55999999999995,1,1,1.0
753,40,174.39,372.3,273.51,244.95999999999998,1,1,1.0
753,41,121.8,543.6,366.93,81.39999999999998,1,1,1.0
753,42,13.7,231.44,490.14,122.98000000000002,1,1,1.0
753,43,48.7,1.02,586.75,205.98,1,1,1.0
753,45,0.0,144.3,283.51,133.32999999999998,1,1,1.0
753,44,4.9,584.0,265.86,73.76999999999998,1,1,1.0
753,46,0.61,606.49,157.26,112.53999999999996,1,1,1.0
753,47,210.22,664.92,380.0799999999999,55.08000000000004,1,1,1.0
753,48,592.61,670.82,179.05999999999995,47.239999999999895,1,1,1.0
754,40,166.62,416.3,337.38,204.41000000000003,1,1,1.0
754,41,133.9,550.0,396.93000000000006,72.36000000000001,1,1,1.0
754,42,73.49,225.92,472.80999999999995,121.87000000000003,1,1,1.0
754,43,119.8,0.67,576.73,160.73000000000002,1,1,1.0
754,45,0.03,134.15,340.07000000000005,132.29999999999998,1,1,1.0
754,44,14.8,577.8,274.59999999999997,65.06000000000006,1,1,1.0
754,46,0.0,576.7,216.3,137.39999999999998,1,1,1.0
754,47,241.42,660.3,380.07000000000005,59.700000000000045,1,1,1.0
754,48,594.5,661.41,236.02999999999997,57.75999999999999,1,1,1.0
755,49,0.05,66.91,144.82999999999998,80.75,1,1,1.0
755,40,171.8,427.5,358.99999999999994,189.75,1,1,1.0
755,41,309.7,531.1,269.82,77.5,1,1,1.0
755,42,121.12,217.01,478.99,123.16000000000003,1,1,1.0
755,43,250.1,0.52,499.97,136.38,1,1,1.0
755,45,0.0,130.4,387.3,125.9,1,1,1.0
755,44,16.1,562.9,334.19,76.23000000000002,1,1,1.0
755,46,0.0,577.9,253.6,135.89,1,1,1.0
755,47,296.5,639.04,358.90999999999997,77.54000000000008,1,1,1.0
755,48,614.8,653.56,256.7900000000001,64.30000000000007,1,1,1.0
755,50,172.56,672.94,239.21999999999997,46.639999999999986,1,1,1.0
756,49,0.47,58.84,173.95,80.78,1,1,1.0
756,40,166.62,403.3,395.28,217.41000000000003,1,1,1.0
756,41,312.3,525.71,295.44,70.38999999999999,1,1,1.0
756,42,163.22,209.8,477.54999999999995,131.25,1,1,1.0
756,43,328.0,0.65,501.47,118.85,1,1,1.0
756,45,0.0,116.57,430.79,135.36,1,1,1.0
756,44,21.1,543.0,357.77,89.91999999999996,1,1,1.0
756,46,0.0,585.3,294.6,132.21000000000004,1,1,1.0
756,47,345.2,628.36,348.75000000000006,86.13999999999999,1,1,1.0
756,48,661.4,652.7,243.79000000000008,66.00999999999999,1,1,1.0
756,50,150.1,666.03,284.1,53.97000000000003,1,1,1.0
757,49,0.0,54.89,216.33,82.47000000000001,1,1,1.0
757,40,157.12,411.9,441.88,207.94000000000005,1,1,1.0
757,41,439.73,517.89,216.74,81.19000000000005,1,1,1.0
757,42,221.5,209.08,463.72,131.56999999999996,1,1,1.0
757,43,410.4,0.34,470.43000000000006,102.25999999999999,1,1,1.0
757,45,0.0,118.2,476.59,136.02999999999997,1,1,1.0
757,44,32.27,521.89,371.43,101.11000000000001,1,1,1.0
757,46,0.0,581.57,315.7,132.2199999999999,1,1,1.0
757,47,378.7,618.82,346.92,95.09999999999991,1,1,1.0
757,48,678.2,649.98,269.15999999999997,68.35000000000002,1,1,1.0
757,50,183.1,637.31,294.20000000000005,82.69000000000005,1,1,1.0
758,49,0.63,52.59,255.41000000000003,79.28999999999999,1,1,1.0
758,40,156.26,426.37,459.14,191.53999999999996,1,1,1.0
758,41,448.8,517.89,257.33,75.40999999999997,1,1,1.0
758,42,274.4,209.59,460.18000000000006,122.84,1,1,1.0
758,43,502.6,0.03,458.44999999999993,88.57,1,1,1.0
758,45,15.6,111.85,507.19999999999993,140.58,1,1,1.0
758,44,93.2,518.2,357.72,101.06999999999994,1,1,1.0
758,46,0.0,570.4,396.47,144.60000000000002,1,1,1.0
758,47,417.3,622.66,358.8,96.38999999999999,1,1,1.0
758,48,739.5,651.14,262.15999999999997,68.35000000000002,1,1,1.0
758,50,245.74,635.09,307.76,84.90999999999997,1,1,1.0
759,49,37.67,52.57,309.62,79.46000000000001,1,1,1.0
759,40,158.85,429.2,465.15,189.78000000000003,1,1,1.0
759,41,462.5,508.0,288.79999999999995,83.10000000000002,1,1,1.0
759,42,345.28,209.88,438.34000000000003,116.04000000000002,1,1,1.0
759,43,606.4,0.14,422.87,72.58,1,1,1.0
759,45,69.98,112.19,520.12,127.24000000000001,1,1,1.0
759,44,452.3,575.4,42.110000000000014,50.09000000000003,1,1,1.0
759,46,0.0,570.4,449.9,144.60000000000002,1,1,1.0
759,47,460.4,619.03,356.0,99.74000000000001,1,1,1.0
759,48,781.3,640.36,270.3800000000001,76.66999999999996,1,1,1.0
759,50,316.52,636.54,297.98,83.46000000000004,1,1,1.0
760,49,61.41,57.34,315.78999999999996,82.07999999999998,1,1,1.0
760,40,169.21,460.3,465.18999999999994,143.99999999999994,1,1,1.0
760,41,515.3,510.1,278.13,74.10000000000002,1,1,1.0
760,42,398.88,206.24,434.20000000000005,115.98000000000002,1,1,1.0
760,43,655.47,0.75,438.1099999999999,61.37,1,1,1.0
760,45,169.14,102.78,467.44000000000005,133.2,1,1,1.0
760,46,35.11,555.38,495.79999999999995,119.70000000000005,1,1,1.0
760,47,493.5,611.67,347.4,95.63,1,1,1.0
760,48,839.2,656.9,257.0799999999999,63.10000000000002,1,1,1.0
760,50,358.2,635.78,294.09999999999997,84.22000000000003,1,1,1.0
761,49,137.33,59.25,285.64,89.58000000000001,1,1,1.0
761,40,166.62,462.03,471.28,119.87,1,1,1.0
761,41,544.6,498.7,294.2099999999999,81.40000000000003,1,1,1.0
761,42,481.39,200.99,416.37,106.87,1,1,1.0
761,45,240.21,95.31,437.65999999999997,124.21000000000001,1,1,1.0
761,46,127.99,550.52,428.73,93.62,1,1,1.0
761,47,556.25,602.97,323.07000000000005,106.24000000000001,1,1,1.0
761,48,870.5,663.8,249.68000000000006,54.79000000000008,1,1,1.0
761,51,0.0,366.81,95.79,82.00999999999999,1,1,1.0
761,50,395.74,630.28,298.76,89.72000000000003,1,1,1.0
762,49,169.82,42.98,279.91,96.93,1,1,1.0
762,40,141.58,470.66,448.01,119.86999999999995,1,1,1.0
762,41,530.68,500.83,329.38,78.07,1,1,1.0
762,42,511.08,191.07,404.93,113.42000000000002,1,1,1.0
762,45,268.28,95.18,442.77,117.53,1,1,1.0
762,46,293.3,541.8,293.24999999999994,79.98000000000002,1,1,1.0
762,47,546.0,607.12,392.69000000000005,82.58000000000004,1,1,1.0
762,48,886.8,663.6,256.1600000000001,54.59000000000003,1,1,1.0
762,51,0.14,363.84,126.44,93.57000000000005,1,1,1.0
762,52,0.0,233.81,46.05,52.50999999999999,1,1,1.0
762,53,0.82,292.08,64.89,50.56,1,1,1.0
762,54,2.21,104.23,64.95,62.36999999999999,1,1,1.0
762,50,403.99,638.53,319.80999999999995,81.47000000000003,1,1,1.0
763,49,225.63,53.45,286.45000000000005,92.96999999999998,1,1,1.0
763,40,120.0,467.21,454.9,119.86000000000007,1,1,1.0
763,41,501.3,499.2,405.53000000000003,93.54000000000002,1,1,1.0
763,42,548.64,185.7,422.69000000000005,119.82,1,1,1.0
763,45,316.47,85.94,440.13,133.52,1,1,1.0
763,46,356.7,535.59,269.60999999999996,76.20999999999992,1,1,1.0
763,47,598.82,579.34,336.14,115.24000000000001,1,1,1.0
763,48,886.63,667.11,263.2600000000001,52.889999999999986,1,1,1.0
763,51,0.25,361.08,197.36,101.5,1,1,1.0
763,52,0.87,220.77,99.94999999999999,68.00999999999996,1,1,1.0
763,53,0.64,298.68,117.73,61.18000000000001,1,1,1.0
763,54,0.79,97.72,115.88,89.47999999999999,1,1,1.0
763,50,418.65,648.61,339.05000000000007,71.38999999999999,1,1,1.0
764,49,250.6,62.86,272.01,80.39,1,1,1.0
764,40,113.5,468.07,470.9,127.22999999999996,1,1,1.0
764,41,581.0,485.6,367.71000000000004,108.84000000000003,1,1,1.0
764,42,595.11,178.38,425.48,135.39,1,1,1.0
764,45,348.7,79.5,458.3,146.07,1,1,1.0
764,46,374.1,518.2,295.69999999999993,113.4799999999999,1,1,1.0
764,47,663.8,602.53,318.6400000000001,76.43000000000006,1,1,1.0
764,48,896.3,663.1,303.10000000000014,56.89999999999998,1,1,1.0
764,51,0.09,346.1,251.74,136.57999999999998,1,1,1.0
764,52,0.12,219.25,136.73,68.45999999999998,1,1,1.0
764,53,0.51,281.73,159.89000000000001,70.08999999999997,1,1,1.0
764,54,0.33,98.3,150.26999999999998,87.76,1,1,1.0
764,55,0.0,149.38,54.15,55.25,1,1,1.0
764,50,469.1,650.45,289.5,69.54999999999995,1,1,1.0
765,49,238.2,46.91,287.67,104.91,1,1,1.0
765,40,119.2,463.75,449.66,134.54999999999995,1,1,1.0
765,41,646.4,496.0,364.05000000000007,99.55999999999995,1,1,1.0
765,42,614.84,188.88,464.7099999999999,136.38,1,1,1.0
765,45,383.7,83.5,460.34,134.79,1,1,1.0
765,44,552.83,587.13,82.01999999999998,48.59000000000003,1,1,1.0
765,46,439.44,519.25,274.35999999999996,114.36000000000001,1,1,1.0
765,47,696.1,588.08,349.19999999999993,113.2299999999999,1,1,1.0
765,48,1006.9,668.95,268.5000000000001,51.049999999999955,1,1,1.0
765,51,0.0,336.41,302.97,173.06,1,1,1.0
765,52,0.0,222.15,136.28,63.849999999999994,1,1,1.0
765,53,0.66,297.91,162.55,57.02999999999997,1,1,1.0
765,54,0.0,98.28,155.77,95.52000000000001,1,1,1.0
765,55,0.0,144.6,78.02,67.46000000000001,1,1,1.0
765,50,520.39,664.2,252.90999999999997,55.799999999999955,1,1,1.0
766,49,271.38,55.14,281.63,108.60000000000001,1,1,1.0
766,40,78.62,473.2,461.78,140.64000000000004,1,1,1.0
766,41,649.62,496.64,364.04999999999995,99.57000000000005,1,1,1.0
766,42,666.23,190.19,440.78,139.37,1,1,1.0
766,45,438.0,73.3,436.24,139.07,1,1,1.0
766,44,560.2,600.8,79.62,48.58000000000004,1,1,1.0
766,46,413.3,513.0,324.09999999999997,126.79999999999995,1,1,1.0
766,47,722.02,605.46,383.5799999999999,114.53999999999996,1,1,1.0
766,48,1080.45,665.48,146.45000000000005,54.51999999999998,1,1,1.0
766,51,0.0,339.25,317.68,179.92999999999995,1,1,1.0
766,52,1.0,226.4,175.52,58.41,1,1,1.0
766,53,0.54,271.34,220.56,80.05000000000001,1,1,1.0
766,54,0.6,103.7,197.24,96.3,1,1,1.0
766,55,0.0,139.83,101.9,79.66999999999999,1,1,1.0
766,50,559.04,652.28,228.47000000000003,67.72000000000003,1,1,1.0
767,49,345.39,74.05,288.77,100.78000000000002,1,1,1.0
767,40,48.41,498.2,473.89,138.95,1,1,1.0
767,41,692.83,480.52,384.07000000000005,119.58000000000004,1,1,1.0
767,42,725.99,195.73,465.47,144.12000000000003,1,1,1.0
767,45,512.9,79.36,426.57000000000005,108.14,1,1,1.0
767,44,540.3,551.1,104.49000000000001,103.25,1,1,1.0
767,46,387.4,513.35,388.62,137.51999999999998,1,1,1.0
767,47,766.85,600.4,372.76999999999987,118.14999999999998,1,1,1.0
767,51,1.1,334.09,370.04999999999995,174.17000000000002,1,1,1.0
767,52,0.0,227.4,230.44,60.41,1,1,1.0
767,53,0.58,284.3,276.85,90.67000000000002,1,1,1.0
767,54,0.53,106.3,235.89,93.00000000000001,1,1,1.0
767,55,0.0,139.83,165.5,87.07,1,1,1.0
767,50,590.04,644.95,216.26,75.04999999999995,1,1,1.0
768,49,357.35,81.48,292.97,95.40999999999998,1,1,1.0
768,40,38.91,505.1,479.09000000000003,145.86,1,1,1.0
768,41,754.1,477.3,394.38,130.54000000000002,1,1,1.0
768,42,741.61,196.1,525.7700000000001,156.60999999999999,1,1,1.0
768,45,513.7,77.65,438.87,100.65,1,1,1.0
768,44,558.9,548.6,105.76999999999998,109.48000000000002,1,1,1.0
768,46,453.9,515.39,381.75,141.35000000000002,1,1,1.0
768,47,830.34,610.73,358.09000000000003,109.37,1,1,1.0
768,51,1.55,328.33,416.78,173.07,1,1,1.0
768,52,0.0,233.39,270.37,64.41000000000003,1,1,1.0
768,53,0.0,275.36,334.4,105.63999999999999,1,1,1.0
768,54,1.1,113.3,232.74,100.10000000000001,1,1,1.0
768,55,0.0,130.29,200.5,97.71000000000001,1,1,1.0
768,56,0.0,525.23,93.94,60.25,1,1,1.0
768,50,627.47,642.35,167.97000000000003,77.64999999999998,1,1,1.0
769,49,408.79,78.85,272.44,111.05000000000001,1,1,1.0
769,40,11.9,512.9,473.3,151.30000000000007,1,1,1.0
769,41,759.93,469.58,449.81000000000006,144.70999999999998,1,1,1.0
769,42,796.34,191.04,484.2900000000001,180.23,1,1,1.0
769,45,533.1,69.91,485.31999999999994,114.78,1,1,1.0
769,44,474.4,513.8,233.76,167.8900000000001,1,1,1.0
769,46,477.09,513.74,407.91,149.86,1,1,1.0
769,47,867.86,610.86,367.7800000000001,109.25,1,1,1.0
769,51,0.13,326.32,431.66,179.57999999999998,1,1,1.0
769,52,0.0,240.38,283.35,62.420000000000016,1,1,1.0
769,53,0.0,275.47,350.74,105.52999999999997,1,1,1.0
769,54,154.0,128.4,119.12,82.19999999999999,1,1,1.0
769,55,0.0,119.68,230.2,120.01999999999998,1,1,1.0
769,56,0.0,535.0,103.76,61.51999999999998,1,1,1.0
769,50,652.37,640.36,143.83000000000004,79.63999999999999,1,1,1.0
770,49,462.08,94.1,272.31,106.06,1,1,1.0
770,40,0.0,512.9,466.2,162.24,1,1,1.0
770,41,801.84,488.92,451.06000000000006,137.57999999999998,1,1,1.0
770,42,841.65,205.55,438.38,177.97999999999996,1,1,1.0
770,45,578.9,64.1,515.5100000000001,118.07,1,1,1.0
770,44,488.1,508.8,222.5,187.8,1,1,1.0
770,46,557.6,503.64,350.0,176.26,1,1,1.0
770,47,908.43,618.42,355.32000000000005,101.53000000000009,1,1,1.0
770,51,0.0,321.42,473.57,172.76,1,1,1.0
770,52,0.0,236.39,324.29,117.31,1,1,1.0
770,53,0.0,271.79,393.34,139.31,1,1,1.0
770,54,24.2,118.83,289.99,139.27000000000004,1,1,1.0
770,55,0.0,124.98,284.28,133.82,1,1,1.0
770,56,0.11,511.64,133.67999999999998,80.15999999999997,1,1,1.0
770,50,696.37,644.03,90.63,75.97000000000003,1,1,1.0
771,49,469.31,91.46,302.39000000000004,123.10000000000001,1,1,1.0
771,40,0.0,499.1,462.7,185.52999999999997,1,1,1.0
771,41,832.8,515.36,447.20000000000005,131.14,1,1,1.0
771,42,870.22,224.06,408.18000000000006,165.39999999999998,1,1,1.0
771,45,589.0,63.95,570.5,116.24999999999999,1,1,1.0
771,44,493.1,513.77,234.89999999999998,187.80000000000007,1,1,1.0
771,46,584.8,503.85,385.6500000000001,192.24,1,1,1.0
771,47,915.9,601.16,362.43999999999994,118.21000000000004,1,1,1.0
771,51,0.05,324.17,530.08,184.08999999999997,1,1,1.0
771,52,26.0,238.38,340.22,103.32,1,1,1.0
771,53,14.0,275.53,415.85,145.07000000000005,1,1,1.0
771,54,28.7,119.34,297.44,148.35999999999999,1,1,1.0
771,55,0.0,120.74,313.98,142.26,1,1,1.0
771,56,0.98,506.77,161.88000000000002,74.13,1,1,1.0
771,57,0.0,463.88,68.18,52.889999999999986,1,1,1.0
771,50,722.03,656.86,75.37,63.139999999999986,1,1,1.0
772,49,514.88,107.55,288.03999999999996,117.75000000000001,1,1,1.0
772,40,0.0,493.92,444.57,201.91000000000003,1,1,1.0
772,41,876.0,526.33,404.0,131.13,1,1,1.0
772,42,935.36,240.13,343.58000000000004,159.37,1,1,1.0
772,45,626.4,56.36,587.6,120.60000000000001,1,1,1.0
772,44,512.98,507.56,236.12,203.94,1,1,1.0
772,46,589.2,513.84,448.47,198.45999999999992,1,1,1.0
772,47,974.54,646.23,304.3700000000001,72.89999999999998,1,1,1.0
772,51,0.0,320.71,556.97,177.56,1,1,1.0
772,52,48.0,239.38,325.21,99.32,1,1,1.0
772,53,17.0,284.57,417.45,147.82999999999998,1,1,1.0
772,54,12.3,148.03,341.2,136.67,1,1,1.0
772,55,1.99,111.53,344.67,185.76000000000002,1,1,1.0
772,56,1.41,502.0,214.25,79.79999999999995,1,1,1.0
772,57,0.0,455.32,89.63,65.10999999999996,1,1,1.0
772,58,0.0,16.03,57.13,84.78,1,1,1.0
773,49,522.96,108.44,300.44999999999993,136.17000000000002,1,1,1.0
773,40,0.0,497.38,421.26,207.04999999999995,1,1,1.0
773,41,925.02,532.77,354.98,120.13,1,1,1.0
773,42,976.82,229.53,303.63,159.76000000000002,1,1,1.0
773,45,699.25,55.39,578.5799999999999,125.89,1,1,1.0
773,44,529.13,512.53,236.12,203.94000000000005,1,1,1.0
773,46,669.75,550.84,406.29999999999995,168.7199999999999,1,1,1.0
773,47,1029.16,657.92,249.43999999999983,61.520000000000095,1,1,1.0
773,51,36.0,328.66,561.31,172.36999999999995,1,1,1.0
773,52,86.9,239.38,317.26,91.32,1,1,1.0
773,53,49.36,269.28,422.82,168.92000000000002,1,1,1.0
773,54,52.0,147.16,325.47,107.03999999999999,1,1,1.0
773,55,0.0,100.59,378.66,195.30999999999997,1,1,1.0
773,56,1.98,502.2,223.02,73.30000000000001,1,1,1.0
773,57,0.0,446.75,111.08,77.35000000000002,1,1,1.0
773,58,0.0,8.67,55.9,98.23,1,1,1.0
774,49,536.57,115.96,321.9,147.89000000000004,1,1,1.0
774,40,0.0,501.69,391.05,209.69,1,1,1.0
774,41,961.13,530.2,318.87,120.12,1,1,1.0
774,42,1050.3,224.7,229.70000000000005,165.22000000000003,1,1,1.0
774,45,743.13,59.49,534.11,126.97,1,1,1.0
774,44,537.83,503.83,243.56999999999994,213.87000000000006,1,1,1.0
774,46,710.58,572.73,387.9999999999999,146.67999999999995,1,1,1.0
774,47,1077.16,656.98,200.32999999999993,62.460000000000036,1,1,1.0
774,51,122.4,341.84,519.77,122.49000000000001,1,1,1.0
774,52,117.85,240.38,317.27,91.32,1,1,1.0
774,53,77.3,272.82,415.71,168.18,1,1,1.0
774,54,106.4,145.42,296.59000000000003,107.08000000000001,1,1,1.0
774,55,55.3,85.41,357.88,221.48999999999998,1,1,1.0
774,56,1.7,500.45,252.20000000000002,79.55000000000001,1,1,1.0
774,57,0.0,440.6,139.3,77.36000000000001,1,1,1.0
774,58,0.0,2.35,61.65,100.58000000000001,1,1,1.0
775,49,562.12,122.36,331.96000000000004,154.97999999999996,1,1,1.0
775,40,0.0,525.4,374.2,193.75,1,1,1.0
775,41,1003.69,524.39,276.30999999999995,107.90999999999997,1,1,1.0
775,42,1123.0,229.9,156.8599999999999,151.41,1,1,1.0
775,45,794.22,61.71,482.6600000000001,130.42,1,1,1.0
775,44,555.23,506.32,236.06999999999994,213.68,1,1,1.0
775,46,715.78,577.55,433.28999999999996,141.82000000000005,1,1,1.0
775,47,1094.08,652.37,184.26,66.15999999999997,1,1,1.0
775,51,189.5,343.87,481.04999999999995,121.50999999999999,1,1,1.0
775,52,136.8,239.38,314.28999999999996,100.32,1,1,1.0
775,53,111.0,272.37,413.90999999999997,162.52999999999997,1,1,1.0
775,54,122.8,145.46,294.78999999999996,90.84,1,1,1.0
775,55,111.5,71.75,334.07,202.45,1,1,1.0
775,56,0.44,508.93,276.13,85.79000000000002,1,1,1.0
775,57,0.71,456.84,157.75,73.16000000000003,1,1,1.0
775,58,0.0,0.87,77.99,103.83,1,1,1.0
776,49,610.09,125.65,328.86,167.95000000000002,1,1,1.0
776,40,0.0,543.13,347.88,176.87,1,1,1.0
776,41,1037.87,516.65,242.1300000000001,107.90999999999997,1,1,1.0
776,42,1155.33,261.55,123.93000000000006,106.58999999999997,1,1,1.0
776,45,839.2,58.4,437.49,135.32999999999998,1,1,1.0
776,44,581.32,485.19,212.4799999999999,234.81,1,1,1.0
776,46,768.12,570.82,407.15,148.4699999999999,1,1,1.0
776,47,1099.86,625.8,180.1400000000001,94.20000000000005,1,1,1.0
776,51,157.71,338.85,540.86,127.28999999999996,1,1,1.0
776,52,138.8,239.38,326.27,104.32,1,1,1.0
776,53,165.8,272.37,395.02000000000004,131.82999999999998,1,1,1.0
776,59,224.7,392.03,178.39,65.62,1,1,1.0
776,54,151.6,144.44,278.44000000000005,104.46000000000001,1,1,1.0
776,55,153.1,58.04,326.65999999999997,205.76000000000002,1,1,1.0
776,56,0.44,508.93,296.96,85.77000000000004,1,1,1.0
776,57,0.63,451.47,176.68,83.16999999999996,1,1,1.0
776,58,0.0,0.72,95.46,97.61,1,1,1.0
777,49,642.63,126.14,347.84000000000003,186.04000000000002,1,1,1.0
777,40,0.0,558.67,326.3,161.33000000000004,1,1,1.0
777,41,1086.88,526.97,193.1199999999999,98.92999999999995,1,1,1.0
777,42,1219.15,277.78,60.84999999999991,102.22000000000003,1,1,1.0
777,45,881.0,49.96,397.1300000000001,146.76999999999998,1,1,1.0
777,44,586.29,496.37,210.01,223.63,1,1,1.0
777,46,814.5,561.55,389.4200000000001,158.10000000000002,1,1,1.0
777,47,1163.39,629.27,116.6099999999999,90.73000000000002,1,1,1.0
777,51,226.11,324.22,506.66999999999996,154.70999999999998,1,1,1.0
777,52,151.8,239.38,342.21999999999997,119.32,1,1,1.0
777,53,204.3,269.92,394.58,130.97999999999996,1,1,1.0
777,59,218.26,384.51,192.34000000000003,70.99000000000001,1,1,1.0
777,54,173.5,142.39,281.45,112.41000000000003,1,1,1.0
777,55,182.48,44.1,326.59000000000003,213.21,1,1,1.0
777,56,3.14,508.52,327.86,109.18000000000006,1,1,1.0
777,57,2.23,435.57,191.77,94.68,1,1,1.0
777,58,0.0,0.71,107.34,92.57000000000001,1,1,1.0
778,49,677.79,143.23,348.49,188.35,1,1,1.0
778,40,0.0,554.35,286.58,157.88,1,1,1.0
778,41,1114.61,523.1,165.3900000000001,100.19999999999993,1,1,1.0
778,45,924.4,50.65,354.9699999999999,149.46,1,1,1.0
778,44,591.27,522.47,206.23000000000002,197.52999999999997,1,1,1.0
778,46,848.01,581.02,373.68000000000006,138.95000000000005,1,1,1.0
778,47,1209.6,646.59,70.40000000000009,73.40999999999997,1,1,1.0
778,51,244.1,346.98,523.25,136.33999999999997,1,1,1.0
778,52,187.7,236.39,332.28000000000003,120.31,1,1,1.0
778,53,224.9,265.35,378.81000000000006,121.44999999999999,1,1,1.0
778,59,220.41,375.92,212.79,73.18,1,1,1.0
778,54,184.11,140.34,295.75,114.53,1,1,1.0
778,55,216.5,29.73,320.52,227.17,1,1,1.0
778,56,5.32,507.8,348.58,116.09999999999997,1,1,1.0
778,57,0.53,443.3,203.0,83.22999999999996,1,1,1.0
778,58,0.0,0.44,122.84,93.76,1,1,1.0
779,49,698.2,155.85,353.05999999999995,194.67999999999998,1,1,1.0
779,40,1.83,556.89,238.23999999999998,149.19000000000005,1,1,1.0
779,41,1166.85,544.38,113.15000000000009,97.01999999999998,1,1,1.0
779,45,978.73,95.95,300.76,99.24999999999999,1,1,1.0
779,44,603.69,543.59,197.51,176.40999999999997,1,1,1.0
779,46,873.77,614.67,361.69000000000005,105.38999999999999,1,1,1.0
779,51,247.55,351.08,553.8900000000001,136.95,1,1,1.0
779,52,214.7,233.39,328.25000000000006,113.31,1,1,1.0
779,53,258.4,264.29,372.95000000000005,123.82,1,1,1.0
779,59,237.59,371.59,265.43999999999994,81.81,1,1,1.0
779,54,189.42,139.32,302.9,115.58000000000001,1,1,1.0
779,55,222.7,16.15,347.41,233.45,1,1,1.0
779,56,0.0,505.3,372.47,122.03000000000003,1,1,1.0
779,57,1.03,437.97,216.52,84.55999999999995,1,1,1.0
779,58,0.0,1.97,154.7,86.23,1,1,1.0
779,60,0.0,611.43,155.27,84.98000000000002,1,1,1.0
780,49,709.27,176.41,379.79999999999995,205.26000000000002,1,1,1.0
780,40,0.0,570.75,165.72,141.5,1,1,1.0
780,41,1203.6,559.21,76.40000000000009,91.88999999999999,1,1,1.0
780,45,1069.41,96.52,210.29999999999995,102.06000000000002,1,1,1.0
780,44,621.09,541.11,183.80999999999995,178.89,1,1,1.0
780,46,906.67,638.92,334.43999999999994,81.18000000000006,1,1,1.0
780,51,369.04,346.69,465.95,151.97000000000003,1,1,1.0
780,52,237.6,223.41,328.30999999999995,110.28999999999999,1,1,1.0
780,53,294.83,277.5,361.57,125.48000000000002,1,1,1.0
780,59,256.92,368.37,265.44,87.17000000000002,1,1,1.0
780,54,198.49,139.23,315.87,118.63000000000002,1,1,1.0
780,55,257.2,0.54,363.88000000000005,230.46,1,1,1.0
780,56,4.8,505.9,388.89,136.52999999999997,1,1,1.0
780,57,1.61,442.64,226.01,83.10000000000002,1,1,1.0
780,58,0.0,1.24,143.73,81.93,1,1,1.0
780,62,0.0,406.22,51.28,44.539999999999964,1,1,1.0
780,61,109.2,678.83,243.17000000000002,41.16999999999996,1,1,1.0
780,60,0.66,612.2,175.0,101.58999999999992,1,1,1.0
781,49,710.63,194.95,442.35,220.10000000000002,1,1,1.0
781,40,0.0,575.93,152.2,128.57000000000005,1,1,1.0
781,45,1110.26,93.91,169.8900000000001,98.14000000000001,1,1,1.0
781,44,637.24,536.14,170.15999999999997,183.86,1,1,1.0
781,46,966.15,637.96,276.7099999999999,81.90999999999997,1,1,1.0
781,51,397.7,349.85,482.09,166.61,1,1,1.0
781,52,268.4,223.62,310.75,112.38,1,1,1.0
781,53,310.5,278.05,379.78999999999996,140.75,1,1,1.0
781,59,282.7,351.19,358.90000000000003,135.51,1,1,1.0
781,54,204.66,129.9,326.5300000000001,128.47,1,1,1.0
781,55,299.4,0.07,345.7900000000001,193.03,1,1,1.0
781,56,85.55,494.47,325.99,146.27999999999997,1,1,1.0
781,57,0.0,434.1,235.77,88.51999999999998,1,1,1.0
781,58,0.96,1.83,105.13000000000001,79.46000000000001,1,1,1.0
781,62,0.0,406.22,66.1,46.67999999999995,1,1,1.0
781,61,170.71,663.6,190.78,56.39999999999998,1,1,1.0
781,60,3.05,546.77,174.53,110.25,1,1,1.0
782,49,778.22,223.36,419.53,215.51,1,1,1.0
782,40,0.0,582.55,88.6,108.75,1,1,1.0
782,45,1168.6,90.05,111.16000000000008,107.14999999999999,1,1,1.0
782,44,654.64,537.38,151.56000000000006,182.62,1,1,1.0
782,46,999.81,626.14,232.34000000000015,93.83000000000004,1,1,1.0
782,51,441.6,355.23,474.78,172.89,1,1,1.0
782,52,311.82,212.78,295.76000000000005,102.79999999999998,1,1,1.0
782,53,332.0,273.57,373.17999999999995,141.63,1,1,1.0
782,59,322.43,345.82,372.86999999999995,160.18,1,1,1.0
782,54,217.33,124.34,332.68999999999994,133.21,1,1,1.0
782,55,357.1,0.26,318.63,159.64000000000001,1,1,1.0
782,56,86.3,502.1,332.83,136.73000000000002,1,1,1.0
782,57,0.2,432.1,249.54000000000002,78.89999999999998,1,1,1.0
782,58,0.0,0.0,91.37,78.84,1,1,1.0
782,62,0.0,406.22,77.8,48.77999999999997,1,1,1.0
782,61,184.98,649.5,190.37000000000003,70.5,1,1,1.0
782,60,1.61,550.04,185.39,109.96000000000004,1,1,1.0
783,49,845.19,211.49,409.91999999999985,260.90999999999997,1,1,1.0
783,40,0.0,579.39,80.25,113.00999999999999,1,1,1.0
783,44,677.01,552.29,132.89,167.71000000000004,1,1,1.0
783,46,1055.34,623.75,150.21000000000004,96.02999999999997,1,1,1.0
783,51,512.34,366.34,459.74,174.79000000000002,1,1,1.0
783,52,323.84,209.18,301.14000000000004,100.64999999999998,1,1,1.0
783,53,349.8,246.41,401.25999999999993,155.19000000000003,1,1,1.0
783,59,387.6,367.14,269.48,162.53999999999996,1,1,1.0
783,54,235.27,124.05,329.18000000000006,128.32999999999998,1,1,1.0
783,55,380.74,0.36,319.78999999999996,136.64,1,1,1.0
783,56,116.1,492.7,337.79999999999995,148.3,1,1,1.0
783,57,0.79,429.2,258.98999999999995,72.66000000000003,1,1,1.0
783,58,0.41,1.16,97.77000000000001,75.33,1,1,1.0
783,62,3.18,397.73,88.41999999999999,51.96999999999997,1,1,1.0
783,61,152.07,646.15,238.73000000000002,73.85000000000002,1,1,1.0
783,60,5.32,541.45,180.46,114.14999999999998,1,1,1.0
784,49,897.65,212.21,382.2900000000001,298.31999999999994,1,1,1.0
784,44,685.71,583.36,109.28999999999996,136.64,1,1,1.0
784,51,539.9,365.09,478.76,190.91000000000003,1,1,1.0
784,52,326.89,203.88,319.81000000000006,115.69,1,1,1.0
784,53,386.4,252.1,390.69000000000005,120.29999999999998,1,1,1.0
784,59,369.5,358.0,282.27,193.30999999999995,1,1,1.0
784,54,250.25,116.56,326.53999999999996,136.1,1,1,1.0
784,55,411.2,0.01,312.21999999999997,131.99,1,1,1.0
784,56,148.5,486.4,322.1,156.79000000000008,1,1,1.0
784,57,0.08,418.8,269.7,94.32,1,1,1.0
784,58,0.04,1.48,94.47999999999999,78.45,1,1,1.0
784,62,0.0,392.43,102.2,54.06999999999999,1,1,1.0
784,61,153.69,635.8,249.89,84.68000000000006,1,1,1.0
784,60,1.53,536.9,187.91,118.80000000000007,1,1,1.0
785,49,948.5,245.0,332.26,290.52,1,1,1.0
785,44,678.25,593.3,108.04999999999995,126.70000000000005,1,1,1.0
785,51,562.44,353.2,496.0799999999999,225.37000000000006,1,1,1.0
785,52,334.8,195.78,333.55,129.92999999999998,1,1,1.0
785,53,418.3,258.67,387.09,102.62,1,1,1.0
785,59,384.13,362.84,264.09000000000003,213.66000000000003,1,1,1.0
785,54,268.01,114.33,326.6,131.76999999999998,1,1,1.0
785,55,451.2,0.0,282.28000000000003,109.2,1,1,1.0
785,56,157.26,519.31,342.04,123.69000000000005,1,1,1.0
785,57,0.0,407.9,275.98,96.53000000000003,1,1,1.0
785,58,0.0,0.0,83.48,76.25,1,1,1.0
785,62,0.0,383.95,114.93,46.650000000000034,1,1,1.0
785,61,162.86,627.36,249.77999999999997,93.23000000000002,1,1,1.0
785,60,1.93,533.4,192.07999999999998,124.59000000000003,1,1,1.0
786,49,959.28,261.5,320.8299999999999,288.15,1,1,1.0
786,44,670.8,618.15,108.04000000000008,101.85000000000002,1,1,1.0
786,51,627.64,351.24,471.2500000000001,257.30999999999995,1,1,1.0
786,52,348.7,193.35,348.68,133.47,1,1,1.0
786,53,455.7,255.68,387.85999999999996,102.59999999999997,1,1,1.0
786,59,415.06,370.1,236.14000000000004,233.88,1,1,1.0
786,54,288.75,111.42,322.12,128.76,1,1,1.0
786,55,490.4,0.0,255.10000000000002,98.2,1,1,1.0
786,56,155.07,515.62,350.14,134.67999999999995,1,1,1.0
786,57,0.36,412.4,296.0,87.18,1,1,1.0
786,58,0.0,0.0,60.16,67.66,1,1,1.0
786,62,0.0,374.4,125.53,46.660000000000025,1,1,1.0
786,63,0.74,418.46,41.739999999999995,45.55000000000001,1,1,1.0
786,61,159.27,624.0,256.34000000000003,96.33000000000004,1,1,1.0
786,60,2.12,542.2,194.48,119.5,1,1,1.0
787,49,984.3,289.49,296.1100000000001,265.13,1,1,1.0
787,44,670.8,618.15,108.04000000000008,101.85000000000002,1,1,1.0
787,51,641.27,365.49,505.78999999999996,291.93999999999994,1,1,1.0
787,52,379.96,189.71,348.17,127.65,1,1,1.0
787,53,490.6,260.87,385.73,98.06,1,1,1.0
787,59,442.7,366.4,206.12000000000006,268.4,1,1,1.0
787,54,306.73,108.36,320.40999999999997,120.96,1,1,1.0
787,55,554.7,0.0,190.79999999999995,77.2,1,1,1.0
787,56,143.7,515.77,363.92,157.21000000000004,1,1,1.0
787,57,0.37,406.1,308.24,85.51999999999998,1,1,1.0
787,62,3.2,364.86,130.82000000000002,56.24000000000001,1,1,1.0
787,63,0.0,407.74,58.72,55.06,1,1,1.0
787,61,170.7,611.77,260.2,108.64999999999998,1,1,1.0
787,60,0.0,533.0,197.51,134.87,1,1,1.0
788,49,1068.27,347.35,212.07999999999993,217.56999999999994,1,1,1.0
788,44,710.56,640.52,95.6400000000001,79.48000000000002,1,1,1.0
788,51,671.31,387.73,519.71,317.99,1,1,1.0
788,52,409.3,186.84,340.46999999999997,112.16,1,1,1.0
788,53,489.6,262.19,424.80999999999995,100.25999999999999,1,1,1.0
788,59,487.5,358.8,167.48000000000002,298.53000000000003,1,1,1.0
788,54,319.23,105.11,323.65999999999997,118.01,1,1,1.0
788,55,597.5,0.41,147.0,57.88,1,1,1.0
788,56,178.48,539.61,328.97,161.28999999999996,1,1,1.0
788,57,3.62,396.7,321.63,99.30000000000001,1,1,1.0
788,62,2.14,353.19,130.82000000000002,56.24000000000001,1,1,1.0
788,63,0.0,387.81,73.13,78.29000000000002,1,1,1.0
788,61,162.32,618.23,275.32,101.73000000000002,1,1,1.0
788,60,0.0,525.1,196.13,152.10000000000002,1,1,1.0
788,64,41.81,509.16,300.63,95.22999999999996,1,1,1.0
789,49,1101.2,353.27,179.6099999999999,222.65999999999997,1,1,1.0
789,44,726.71,649.22,63.289999999999964,70.77999999999997,1,1,1.0
789,51,695.69,410.85,548.9299999999998,307.15999999999997,1,1,1.0
789,52,448.3,178.56,334.14000000000004,114.24000000000001,1,1,1.0
789,53,507.18,262.95,444.59999999999997,112.94999999999999,1,1,1.0
789,59,514.36,338.39,155.65999999999997,363.01,1,1,1.0
789,54,342.94,99.71,322.84999999999997,116.78000000000002,1,1,1.0
789,56,215.8,535.41,293.58,177.01,1,1,1.0
789,57,0.0,397.04,339.97,113.25999999999999,1,1,1.0
789,62,10.62,344.71,130.82,56.24000000000001,1,1,1.0
789,63,0.0,380.53,101.24,77.37,1,1,1.0
789,61,166.34,620.58,291.05999999999995,98.31999999999994,1,1,1.0
789,60,0.0,511.5,195.49,175.04999999999995,1,1,1.0
789,64,71.3,498.2,282.78,104.82,1,1,1.0
790,49,1104.13,370.46,176.3499999999999,187.86000000000007,1,1,1.0
790,65,0.0,299.0,73.24,73.5,1,1,1.0
790,44,737.9,662.88,50.89999999999998,57.120000000000005,1,1,1.0
790,51,761.79,425.29,514.3600000000001,292.96,1,1,1.0
790,52,487.02,174.78,320.75,98.61999999999998,1,1,1.0
790,53,536.2,261.79,454.2199999999999,119.26999999999998,1,1,1.0
790,59,549.38,361.5,123.58000000000004,357.72,1,1,1.0
790,54,364.48,100.87,325.61,106.72999999999999,1,1,1.0
790,56,237.7,536.1,269.3,183.89999999999998,1,1,1.0
790,57,4.43,382.37,342.33,115.79000000000002,1,1,1.0
790,62,15.93,338.35,130.81,56.23999999999995,1,1,1.0
790,63,0.0,380.92,122.24,75.88,1,1,1.0
790,61,169.1,617.35,270.03,101.70999999999992,1,1,1.0
790,60,3.4,509.6,192.04,184.75,1,1,1.0
790,64,102.8,493.4,267.03,110.99000000000001,1,1,1.0
791,49,1175.83,394.37,104.34000000000015,161.39999999999998,1,1,1.0
791,65,0.0,288.0,98.64,72.87,1,1,1.0
791,51,783.48,408.47,495.0,309.52,1,1,1.0
791,52,501.07,169.98,340.25000000000006,98.46000000000001,1,1,1.0
791,53,579.41,270.38,440.72,113.63,1,1,1.0
791,59,587.09,359.1,86.28999999999996,359.0799999999999,1,1,1.0
791,54,385.0,101.05,326.07000000000005,97.77,1,1,1.0
791,56,322.78,534.78,175.5,182.26999999999998,1,1,1.0
791,57,18.21,380.09,338.78000000000003,115.79000000000002,1,1,1.0
791,62,22.29,333.04,130.82000000000002,56.25,1,1,1.0
791,63,1.58,368.01,144.88,79.46000000000004,1,1,1.0
791,61,185.47,606.23,245.42999999999998,112.24000000000001,1,1,1.0
791,60,0.0,503.2,194.67,199.45,1,1,1.0
791,64,118.55,494.08,267.02,111.00000000000006,1,1,1.0
792,49,1224.87,447.1,55.13000000000011,87.44999999999993,1,1,1.0
792,65,0.0,277.22,121.54,84.07999999999998,1,1,1.0
792,51,833.77,410.1,446.5899999999999,308.4,1,1,1.0
792,52,510.55,166.11,356.79,105.68,1,1,1.0
792,53,614.0,282.32,437.27,107.43,1,1,1.0
792,59,542.71,382.4,146.70999999999992,335.32000000000005,1,1,1.0
792,54,405.22,100.51,320.5,97.14,1,1,1.0
792,56,361.48,518.65,138.88,199.59000000000003,1,1,1.0
792,57,1.33,385.8,365.69,91.75999999999999,1,1,1.0
792,62,30.77,330.92,130.82,56.24000000000001,1,1,1.0
792,63,1.74,357.72,152.63,99.20999999999998,1,1,1.0
792,61,150.94,599.49,261.59,118.81999999999994,1,1,1.0
792,60,6.8,502.0,188.63,211.52999999999997,1,1,1.0
792,64,128.8,505.05,274.58,104.14000000000004,1,1,1.0
793,65,0.0,274.2,132.34,79.0,1,1,1.0
793,51,885.98,415.91,392.69000000000005,303.45,1,1,1.0
793,52,525.49,160.74,390.75,118.93,1,1,1.0
793,53,655.58,285.53,460.37,112.48000000000002,1,1,1.0
793,59,487.31,420.29,230.27000000000004,298.83,1,1,1.0
793,54,426.43,96.24,323.40000000000003,101.58,1,1,1.0
793,56,388.9,506.75,113.40000000000003,211.63,1,1,1.0
793,57,0.22,376.9,378.84,94.44,1,1,1.0
793,62,42.44,319.26,130.82,56.24000000000001,1,1,1.0
793,63,1.74,357.72,171.76,91.77999999999997,1,1,1.0
793,61,201.69,584.87,204.01999999999998,133.39,1,1,1.0
793,60,22.89,501.58,164.99,218.07,1,1,1.0
793,64,129.4,494.15,287.20000000000005,117.95000000000005,1,1,1.0
794,65,0.0,268.6,154.26,83.39999999999998,1,1,1.0
794,51,914.81,432.11,365.77,286.42999999999995,1,1,1.0
794,52,545.4,154.56,384.71000000000004,128.7,1,1,1.0
794,53,689.27,284.93,464.55999999999995,125.19999999999999,1,1,1.0
794,59,476.57,437.35,247.10999999999996,282.11,1,1,1.0
794,54,441.71,96.42,322.43,101.74,1,1,1.0
794,56,386.52,490.47,116.66000000000003,227.61,1,1,1.0
794,57,1.62,376.2,387.90999999999997,100.22000000000003,1,1,1.0
794,62,58.35,312.89,130.81,56.25,1,1,1.0
794,63,1.7,353.48,195.13000000000002,91.77999999999997,1,1,1.0
794,61,200.9,585.66,204.02,133.39,1,1,1.0
794,60,34.15,478.0,158.17,241.0,1,1,1.0
794,64,176.9,511.4,250.49999999999997,108.20000000000005,1,1,1.0
795,65,1.19,264.6,161.63,81.5,1,1,1.0
795,51,939.93,455.1,341.35,265.65,1,1,1.0
795,52,581.84,150.48,387.28999999999996,127.07000000000002,1,1,1.0
795,53,714.92,290.3,485.68999999999994,132.58999999999997,1,1,1.0
795,59,457.41,452.61,285.23999999999995,266.88,1,1,1.0
795,54,451.33,96.32,332.41,102.09,1,1,1.0
795,56,398.93,536.25,106.26999999999998,184.05999999999995,1,1,1.0
795,57,1.96,379.6,400.07,108.37,1,1,1.0
795,62,70.01,303.35,130.82,56.23999999999995,1,1,1.0
795,63,0.0,345.02,224.4,105.58000000000004,1,1,1.0
795,61,205.91,578.8,209.48999999999998,139.1500000000001,1,1,1.0
795,60,31.33,473.38,165.95,246.08000000000004,1,1,1.0
795,64,183.4,525.6,262.30999999999995,110.59000000000003,1,1,1.0
796,65,0.74,264.0,172.29,82.98000000000002,1,1,1.0
796,51,969.03,504.78,311.06999999999994,215.22000000000003,1,1,1.0
796,52,611.73,151.55,399.44999999999993,118.68,1,1,1.0
796,53,737.38,294.99,508.7600000000001,146.96999999999997,1,1,1.0
796,59,451.53,465.43,318.57000000000005,254.23999999999995,1,1,1.0
796,54,462.8,95.64,349.49999999999994,100.86,1,1,1.0
796,56,396.54,554.72,121.61999999999995,164.62,1,1,1.0
796,57,1.41,378.7,414.53,111.87,1,1,1.0
796,62,75.3,308.35,136.01,47.40999999999997,1,1,1.0
796,63,3.18,347.14,256.2,98.18,1,1,1.0
796,61,272.9,563.7,147.0,151.32999999999993,1,1,1.0
796,60,32.4,464.71,164.15,253.88000000000005,1,1,1.0
796,64,190.3,528.7,257.59999999999997,114.79999999999995,1,1,1.0
